6370949066
1210942711
189947376
6127040556
1038008534
1108292971
5262943751
140346462
444849738
5917294669
1787316773
697081431
250424917
825879358
946253748
639532897
4819078
6080131387
539754964
952508235
973086726
1874682812
2129086773
420594274
440886599
5053967515
268005350
388942547
606936876
1304767958
67836100
1169965382
755709829
5586698527
2038272027
916811949
190682718
1254765304
11469205
329894294
656214319
5214515480
268593295
848032713
1707363974
502325015
843168773
538507591
2014760119
5946872481
1879678350
633798690
157846555
554394009
985158911
1092209077
564551272
883400960
747358635