	matchcboxnet--val_loss=0.2922-epoch=249.model
	snr: 15 - seed: 0
              precision    recall  f1-score   support

           0       0.92      1.00      0.96        23
           1       0.85      1.00      0.92        23
           2       0.80      1.00      0.89        24
           3       1.00      0.91      0.95        23
           4       0.85      0.96      0.90        24
           5       0.77      1.00      0.87        24
           6       0.92      1.00      0.96        22
           7       0.92      1.00      0.96        24
           8       0.96      0.96      0.96        23
           9       0.91      0.91      0.91        23
          10       0.74      1.00      0.85        25
          11       0.92      0.96      0.94        25
          12       1.00      0.96      0.98        25
          13       0.89      1.00      0.94        25
          14       0.71      0.96      0.81        23
          15       0.86      1.00      0.92        24
          16       0.93      1.00      0.96        26
          17       0.92      0.96      0.94        23
          18       0.89      0.92      0.91        26
          19       0.83      0.91      0.87        22
          20       0.81      0.95      0.88        22
          21       0.96      1.00      0.98        24
          22       1.00      0.95      0.97        20
          23       0.95      1.00      0.98        20
          24       0.96      1.00      0.98        24
          25       0.70      1.00      0.82        23
          26       0.90      1.00      0.95         9
          27       0.80      0.89      0.84         9
          28       1.00      0.88      0.94       628

    accuracy                           0.93      1256
   macro avg       0.89      0.97      0.92      1256
weighted avg       0.94      0.93      0.93      1256

