	matchcboxnet--val_loss=0.2922-epoch=249.model
	snr: 0 - seed: 0
              precision    recall  f1-score   support

           0       0.95      0.87      0.91        23
           1       0.70      1.00      0.82        23
           2       0.66      0.88      0.75        24
           3       0.95      0.83      0.88        23
           4       0.92      0.92      0.92        24
           5       0.71      0.92      0.80        24
           6       0.90      0.86      0.88        22
           7       0.88      0.88      0.88        24
           8       0.72      0.78      0.75        23
           9       0.83      0.83      0.83        23
          10       0.42      1.00      0.60        25
          11       0.88      0.84      0.86        25
          12       1.00      0.88      0.94        25
          13       0.96      0.96      0.96        25
          14       0.64      0.91      0.75        23
          15       0.81      0.88      0.84        24
          16       0.87      1.00      0.93        26
          17       0.91      0.91      0.91        23
          18       0.76      0.73      0.75        26
          19       0.68      0.86      0.76        22
          20       0.83      0.91      0.87        22
          21       1.00      0.92      0.96        24
          22       1.00      0.75      0.86        20
          23       0.62      0.90      0.73        20
          24       1.00      0.83      0.91        24
          25       0.60      0.91      0.72        23
          26       0.57      0.89      0.70         9
          27       0.62      0.89      0.73         9
          28       1.00      0.85      0.92       628

    accuracy                           0.87      1256
   macro avg       0.81      0.88      0.83      1256
weighted avg       0.90      0.87      0.88      1256

