	matchcboxnet--val_loss=0.2922-epoch=249.model
	snr: 10 - seed: 0
              precision    recall  f1-score   support

           0       1.00      1.00      1.00        23
           1       0.82      1.00      0.90        23
           2       0.77      0.96      0.85        24
           3       0.88      0.91      0.89        23
           4       0.86      1.00      0.92        24
           5       0.73      0.92      0.81        24
           6       0.91      0.95      0.93        22
           7       0.92      1.00      0.96        24
           8       0.92      1.00      0.96        23
           9       0.91      0.91      0.91        23
          10       0.58      1.00      0.74        25
          11       0.96      0.96      0.96        25
          12       1.00      0.96      0.98        25
          13       0.96      1.00      0.98        25
          14       0.69      0.96      0.80        23
          15       0.79      0.96      0.87        24
          16       0.96      1.00      0.98        26
          17       0.92      0.96      0.94        23
          18       0.96      0.88      0.92        26
          19       0.83      0.91      0.87        22
          20       0.88      1.00      0.94        22
          21       1.00      1.00      1.00        24
          22       1.00      0.90      0.95        20
          23       0.95      1.00      0.98        20
          24       0.86      1.00      0.92        24
          25       0.66      1.00      0.79        23
          26       0.90      1.00      0.95         9
          27       0.78      0.78      0.78         9
          28       1.00      0.87      0.93       628

    accuracy                           0.92      1256
   macro avg       0.88      0.96      0.91      1256
weighted avg       0.94      0.92      0.92      1256

