	matchcboxnet--val_loss=0.2922-epoch=249.model
	snr: 30 - seed: 0
              precision    recall  f1-score   support

           0       0.88      1.00      0.94        23
           1       0.92      1.00      0.96        23
           2       0.89      1.00      0.94        24
           3       0.95      0.91      0.93        23
           4       0.89      1.00      0.94        24
           5       0.83      1.00      0.91        24
           6       0.85      1.00      0.92        22
           7       0.96      1.00      0.98        24
           8       0.92      1.00      0.96        23
           9       0.96      0.96      0.96        23
          10       0.69      1.00      0.82        25
          11       0.96      0.96      0.96        25
          12       1.00      0.96      0.98        25
          13       0.89      1.00      0.94        25
          14       0.69      0.96      0.80        23
          15       0.79      0.96      0.87        24
          16       0.93      1.00      0.96        26
          17       0.92      0.96      0.94        23
          18       0.86      0.92      0.89        26
          19       0.91      0.91      0.91        22
          20       0.88      1.00      0.94        22
          21       0.92      1.00      0.96        24
          22       1.00      0.85      0.92        20
          23       0.87      1.00      0.93        20
          24       0.92      0.92      0.92        24
          25       0.82      1.00      0.90        23
          26       0.90      1.00      0.95         9
          27       0.75      1.00      0.86         9
          28       1.00      0.89      0.94       628

    accuracy                           0.93      1256
   macro avg       0.89      0.97      0.92      1256
weighted avg       0.94      0.93      0.93      1256

