	matchcboxnet--val_loss=0.2922-epoch=249.model
	snr: 20 - seed: 0
              precision    recall  f1-score   support

           0       0.88      1.00      0.94        23
           1       0.88      1.00      0.94        23
           2       0.86      1.00      0.92        24
           3       0.95      0.91      0.93        23
           4       0.86      1.00      0.92        24
           5       0.73      1.00      0.84        24
           6       0.92      1.00      0.96        22
           7       0.96      1.00      0.98        24
           8       0.92      1.00      0.96        23
           9       0.88      0.96      0.92        23
          10       0.61      1.00      0.76        25
          11       0.96      0.96      0.96        25
          12       0.96      0.96      0.96        25
          13       0.89      1.00      0.94        25
          14       0.76      0.96      0.85        23
          15       0.82      0.96      0.88        24
          16       0.93      1.00      0.96        26
          17       0.92      0.96      0.94        23
          18       0.83      0.92      0.87        26
          19       0.82      0.82      0.82        22
          20       0.84      0.95      0.89        22
          21       1.00      1.00      1.00        24
          22       1.00      0.95      0.97        20
          23       0.95      1.00      0.98        20
          24       0.89      1.00      0.94        24
          25       0.77      1.00      0.87        23
          26       0.90      1.00      0.95         9
          27       0.80      0.89      0.84         9
          28       1.00      0.87      0.93       628

    accuracy                           0.92      1256
   macro avg       0.88      0.97      0.92      1256
weighted avg       0.94      0.92      0.93      1256

