	matchcboxnet--val_loss=0.2922-epoch=249.model
	snr: 25 - seed: 0
              precision    recall  f1-score   support

           0       0.92      1.00      0.96        23
           1       0.92      1.00      0.96        23
           2       0.89      1.00      0.94        24
           3       0.95      0.91      0.93        23
           4       0.83      1.00      0.91        24
           5       0.75      1.00      0.86        24
           6       0.91      0.95      0.93        22
           7       0.96      1.00      0.98        24
           8       0.92      0.96      0.94        23
           9       0.91      0.91      0.91        23
          10       0.62      1.00      0.77        25
          11       1.00      0.96      0.98        25
          12       0.96      0.96      0.96        25
          13       0.89      1.00      0.94        25
          14       0.71      0.96      0.81        23
          15       0.79      0.92      0.85        24
          16       0.96      1.00      0.98        26
          17       0.96      0.96      0.96        23
          18       0.82      0.88      0.85        26
          19       0.86      0.86      0.86        22
          20       0.85      1.00      0.92        22
          21       1.00      1.00      1.00        24
          22       1.00      0.90      0.95        20
          23       0.91      1.00      0.95        20
          24       0.88      0.96      0.92        24
          25       0.85      1.00      0.92        23
          26       0.90      1.00      0.95         9
          27       0.82      1.00      0.90         9
          28       1.00      0.89      0.94       628

    accuracy                           0.93      1256
   macro avg       0.89      0.96      0.92      1256
weighted avg       0.94      0.93      0.93      1256

