	matchcboxnet--val_loss=0.2922-epoch=249.model
	snr: 5 - seed: 0
              precision    recall  f1-score   support

           0       1.00      0.91      0.95        23
           1       0.73      0.96      0.83        23
           2       0.76      0.92      0.83        24
           3       0.95      0.91      0.93        23
           4       0.86      1.00      0.92        24
           5       0.79      0.96      0.87        24
           6       0.80      0.91      0.85        22
           7       0.86      1.00      0.92        24
           8       0.88      0.96      0.92        23
           9       0.91      0.91      0.91        23
          10       0.52      1.00      0.68        25
          11       0.96      0.96      0.96        25
          12       1.00      0.88      0.94        25
          13       1.00      0.96      0.98        25
          14       0.75      0.91      0.82        23
          15       0.77      1.00      0.87        24
          16       0.90      1.00      0.95        26
          17       0.91      0.87      0.89        23
          18       0.76      0.85      0.80        26
          19       0.82      0.82      0.82        22
          20       0.77      0.91      0.83        22
          21       1.00      1.00      1.00        24
          22       0.94      0.85      0.89        20
          23       0.83      0.95      0.88        20
          24       0.88      0.92      0.90        24
          25       0.77      1.00      0.87        23
          26       0.67      0.89      0.76         9
          27       0.78      0.78      0.78         9
          28       1.00      0.87      0.93       628

    accuracy                           0.90      1256
   macro avg       0.85      0.93      0.88      1256
weighted avg       0.92      0.90      0.91      1256

