	matchcboxnet--val_loss=0.368-epoch=245.model
	snr: 15 - seed: 0
              precision    recall  f1-score   support

           0       0.88      1.00      0.94        23
           1       0.91      0.91      0.91        23
           2       0.71      0.92      0.80        24
           3       0.95      0.91      0.93        23
           4       0.83      1.00      0.91        24
           5       0.92      0.96      0.94        24
           6       0.81      1.00      0.90        22
           7       0.92      0.96      0.94        24
           8       0.85      0.96      0.90        23
           9       0.95      0.91      0.93        23
          10       0.69      1.00      0.82        25
          11       0.83      0.96      0.89        25
          12       0.96      0.96      0.96        25
          13       0.96      1.00      0.98        25
          14       0.85      0.96      0.90        23
          15       0.70      0.96      0.81        24
          16       0.84      1.00      0.91        26
          17       1.00      0.91      0.95        23
          18       0.80      0.92      0.86        26
          19       0.74      0.91      0.82        22
          20       0.79      1.00      0.88        22
          21       0.89      1.00      0.94        24
          22       0.87      1.00      0.93        20
          23       0.79      0.95      0.86        20
          24       0.73      1.00      0.84        24
          25       0.79      1.00      0.88        23
          26       0.75      1.00      0.86         9
          27       0.75      1.00      0.86         9
          28       1.00      0.84      0.91       628

    accuracy                           0.90      1256
   macro avg       0.84      0.96      0.90      1256
weighted avg       0.92      0.90      0.90      1256

