	matchcboxnet--val_loss=0.368-epoch=245.model
	snr: 25 - seed: 0
              precision    recall  f1-score   support

           0       0.92      1.00      0.96        23
           1       0.92      0.96      0.94        23
           2       0.85      0.92      0.88        24
           3       0.92      0.96      0.94        23
           4       0.86      1.00      0.92        24
           5       0.85      0.96      0.90        24
           6       0.85      1.00      0.92        22
           7       0.96      0.96      0.96        24
           8       0.85      0.96      0.90        23
           9       0.84      0.91      0.87        23
          10       0.71      1.00      0.83        25
          11       0.83      0.96      0.89        25
          12       1.00      0.96      0.98        25
          13       0.96      1.00      0.98        25
          14       0.79      0.96      0.86        23
          15       0.79      0.96      0.87        24
          16       0.81      1.00      0.90        26
          17       0.92      0.96      0.94        23
          18       0.78      0.96      0.86        26
          19       0.87      0.91      0.89        22
          20       0.69      1.00      0.81        22
          21       0.89      1.00      0.94        24
          22       0.95      0.95      0.95        20
          23       0.83      1.00      0.91        20
          24       0.77      0.96      0.85        24
          25       0.85      1.00      0.92        23
          26       0.69      1.00      0.82         9
          27       0.69      1.00      0.82         9
          28       1.00      0.85      0.92       628

    accuracy                           0.91      1256
   macro avg       0.85      0.97      0.90      1256
weighted avg       0.92      0.91      0.91      1256

