	matchcboxnet--val_loss=0.368-epoch=245.model
	snr: 0 - seed: 0
              precision    recall  f1-score   support

           0       0.96      0.96      0.96        23
           1       0.61      0.87      0.71        23
           2       0.79      0.92      0.85        24
           3       0.95      0.87      0.91        23
           4       0.88      0.96      0.92        24
           5       0.92      0.92      0.92        24
           6       0.66      0.95      0.78        22
           7       0.83      0.83      0.83        24
           8       0.95      0.91      0.93        23
           9       0.74      0.87      0.80        23
          10       0.53      1.00      0.69        25
          11       0.81      0.84      0.82        25
          12       1.00      0.96      0.98        25
          13       0.92      0.92      0.92        25
          14       0.81      0.96      0.88        23
          15       0.69      0.92      0.79        24
          16       0.81      0.96      0.88        26
          17       0.87      0.87      0.87        23
          18       0.93      0.96      0.94        26
          19       0.83      0.91      0.87        22
          20       0.66      0.86      0.75        22
          21       0.80      0.83      0.82        24
          22       0.71      0.85      0.77        20
          23       0.82      0.90      0.86        20
          24       0.65      0.83      0.73        24
          25       0.72      1.00      0.84        23
          26       0.60      1.00      0.75         9
          27       0.35      0.89      0.50         9
          28       1.00      0.81      0.89       628

    accuracy                           0.86      1256
   macro avg       0.79      0.91      0.83      1256
weighted avg       0.89      0.86      0.87      1256

