	matchcboxnet--val_loss=0.368-epoch=245.model
	snr: 30 - seed: 0
              precision    recall  f1-score   support

           0       0.88      1.00      0.94        23
           1       0.92      0.96      0.94        23
           2       0.79      0.92      0.85        24
           3       0.91      0.91      0.91        23
           4       0.86      1.00      0.92        24
           5       0.85      0.96      0.90        24
           6       0.85      1.00      0.92        22
           7       0.92      1.00      0.96        24
           8       0.85      0.96      0.90        23
           9       0.91      0.91      0.91        23
          10       0.74      1.00      0.85        25
          11       0.86      0.96      0.91        25
          12       0.92      0.96      0.94        25
          13       0.96      0.96      0.96        25
          14       0.73      0.96      0.83        23
          15       0.74      0.96      0.84        24
          16       0.84      1.00      0.91        26
          17       0.96      0.96      0.96        23
          18       0.81      0.96      0.88        26
          19       0.84      0.95      0.89        22
          20       0.81      1.00      0.90        22
          21       0.86      1.00      0.92        24
          22       0.95      0.95      0.95        20
          23       0.83      0.95      0.88        20
          24       0.74      0.96      0.84        24
          25       0.77      1.00      0.87        23
          26       0.80      0.89      0.84         9
          27       0.75      1.00      0.86         9
          28       1.00      0.85      0.92       628

    accuracy                           0.91      1256
   macro avg       0.85      0.96      0.90      1256
weighted avg       0.92      0.91      0.91      1256

