	matchcboxnet--val_loss=0.368-epoch=245.model
	snr: 10 - seed: 0
              precision    recall  f1-score   support

           0       1.00      1.00      1.00        23
           1       0.82      1.00      0.90        23
           2       0.79      0.92      0.85        24
           3       0.91      0.91      0.91        23
           4       0.88      0.96      0.92        24
           5       0.85      0.96      0.90        24
           6       0.72      0.95      0.82        22
           7       0.96      0.92      0.94        24
           8       0.85      1.00      0.92        23
           9       0.91      0.87      0.89        23
          10       0.57      1.00      0.72        25
          11       0.89      0.96      0.92        25
          12       0.92      0.96      0.94        25
          13       0.89      1.00      0.94        25
          14       0.84      0.91      0.87        23
          15       0.74      0.96      0.84        24
          16       0.90      1.00      0.95        26
          17       0.92      0.96      0.94        23
          18       0.80      0.92      0.86        26
          19       0.83      0.91      0.87        22
          20       0.76      1.00      0.86        22
          21       0.92      0.96      0.94        24
          22       0.86      0.95      0.90        20
          23       0.83      1.00      0.91        20
          24       0.70      0.96      0.81        24
          25       0.74      1.00      0.85        23
          26       0.69      1.00      0.82         9
          27       0.56      1.00      0.72         9
          28       1.00      0.82      0.90       628

    accuracy                           0.89      1256
   macro avg       0.83      0.96      0.88      1256
weighted avg       0.92      0.89      0.90      1256

