	matchcboxnet--val_loss=0.368-epoch=245.model
	snr: 5 - seed: 0
              precision    recall  f1-score   support

           0       0.96      0.96      0.96        23
           1       0.80      0.87      0.83        23
           2       0.76      0.92      0.83        24
           3       0.91      0.91      0.91        23
           4       0.80      1.00      0.89        24
           5       0.85      0.96      0.90        24
           6       0.77      0.91      0.83        22
           7       0.89      1.00      0.94        24
           8       0.86      0.83      0.84        23
           9       0.91      0.87      0.89        23
          10       0.61      1.00      0.76        25
          11       0.86      0.96      0.91        25
          12       1.00      0.96      0.98        25
          13       1.00      0.96      0.98        25
          14       0.69      0.96      0.80        23
          15       0.71      0.92      0.80        24
          16       0.76      1.00      0.87        26
          17       0.83      0.87      0.85        23
          18       0.85      0.88      0.87        26
          19       0.88      0.95      0.91        22
          20       0.70      0.95      0.81        22
          21       0.85      0.92      0.88        24
          22       0.71      0.85      0.77        20
          23       0.76      0.95      0.84        20
          24       0.59      0.96      0.73        24
          25       0.69      0.96      0.80        23
          26       0.88      0.78      0.82         9
          27       0.53      0.89      0.67         9
          28       1.00      0.82      0.90       628

    accuracy                           0.87      1256
   macro avg       0.81      0.92      0.85      1256
weighted avg       0.90      0.87      0.88      1256

