	matchcboxnet--val_loss=0.368-epoch=245.model
	snr: 20 - seed: 0
              precision    recall  f1-score   support

           0       0.92      1.00      0.96        23
           1       0.92      0.96      0.94        23
           2       0.79      0.92      0.85        24
           3       0.95      0.91      0.93        23
           4       0.86      1.00      0.92        24
           5       0.82      0.96      0.88        24
           6       0.79      1.00      0.88        22
           7       0.88      0.96      0.92        24
           8       0.85      0.96      0.90        23
           9       0.84      0.91      0.87        23
          10       0.71      1.00      0.83        25
          11       0.86      0.96      0.91        25
          12       0.96      0.96      0.96        25
          13       0.93      1.00      0.96        25
          14       0.79      0.96      0.86        23
          15       0.72      0.96      0.82        24
          16       0.87      1.00      0.93        26
          17       0.95      0.91      0.93        23
          18       0.83      0.92      0.87        26
          19       0.80      0.91      0.85        22
          20       0.69      1.00      0.81        22
          21       0.89      1.00      0.94        24
          22       0.87      1.00      0.93        20
          23       0.91      1.00      0.95        20
          24       0.74      0.96      0.84        24
          25       0.79      1.00      0.88        23
          26       0.73      0.89      0.80         9
          27       0.69      1.00      0.82         9
          28       1.00      0.84      0.91       628

    accuracy                           0.90      1256
   macro avg       0.84      0.96      0.89      1256
weighted avg       0.92      0.90      0.90      1256

