	matchcboxnet--val_loss=0.3033-epoch=220.model
	snr: 15 - seed: 0
              precision    recall  f1-score   support

           0       0.96      0.96      0.96        23
           1       0.85      1.00      0.92        23
           2       0.81      0.92      0.86        24
           3       0.91      0.91      0.91        23
           4       0.88      0.96      0.92        24
           5       0.77      0.96      0.85        24
           6       1.00      0.91      0.95        22
           7       0.86      1.00      0.92        24
           8       0.88      1.00      0.94        23
           9       0.95      0.91      0.93        23
          10       0.78      1.00      0.88        25
          11       0.96      0.96      0.96        25
          12       1.00      0.92      0.96        25
          13       0.83      1.00      0.91        25
          14       0.84      0.91      0.87        23
          15       0.77      1.00      0.87        24
          16       0.87      1.00      0.93        26
          17       0.85      1.00      0.92        23
          18       0.83      0.92      0.87        26
          19       0.77      0.91      0.83        22
          20       0.91      0.95      0.93        22
          21       0.83      1.00      0.91        24
          22       0.90      0.95      0.93        20
          23       0.90      0.95      0.93        20
          24       0.82      0.96      0.88        24
          25       0.81      0.96      0.88        23
          26       0.64      1.00      0.78         9
          27       0.90      1.00      0.95         9
          28       1.00      0.88      0.93       628

    accuracy                           0.92      1256
   macro avg       0.87      0.96      0.91      1256
weighted avg       0.93      0.92      0.92      1256

