	matchcboxnet--val_loss=0.3033-epoch=220.model
	snr: 30 - seed: 0
              precision    recall  f1-score   support

           0       0.96      1.00      0.98        23
           1       0.92      1.00      0.96        23
           2       0.85      0.92      0.88        24
           3       0.88      0.91      0.89        23
           4       0.89      1.00      0.94        24
           5       0.74      0.96      0.84        24
           6       0.95      0.91      0.93        22
           7       0.86      1.00      0.92        24
           8       0.85      0.96      0.90        23
           9       0.91      0.91      0.91        23
          10       0.81      1.00      0.89        25
          11       1.00      1.00      1.00        25
          12       0.96      0.96      0.96        25
          13       0.83      0.96      0.89        25
          14       0.81      0.91      0.86        23
          15       0.73      1.00      0.84        24
          16       0.87      1.00      0.93        26
          17       0.77      1.00      0.87        23
          18       0.83      0.92      0.87        26
          19       0.80      0.91      0.85        22
          20       0.96      1.00      0.98        22
          21       0.80      1.00      0.89        24
          22       1.00      1.00      1.00        20
          23       1.00      1.00      1.00        20
          24       0.82      0.96      0.88        24
          25       0.88      1.00      0.94        23
          26       0.69      1.00      0.82         9
          27       0.82      1.00      0.90         9
          28       1.00      0.87      0.93       628

    accuracy                           0.92      1256
   macro avg       0.87      0.97      0.91      1256
weighted avg       0.93      0.92      0.92      1256

