	matchcboxnet--val_loss=0.3033-epoch=220.model
	snr: 5 - seed: 0
              precision    recall  f1-score   support

           0       1.00      0.91      0.95        23
           1       0.88      1.00      0.94        23
           2       0.85      0.92      0.88        24
           3       0.88      0.91      0.89        23
           4       0.96      1.00      0.98        24
           5       0.79      0.96      0.87        24
           6       1.00      0.86      0.93        22
           7       0.89      1.00      0.94        24
           8       0.88      0.96      0.92        23
           9       0.96      0.96      0.96        23
          10       0.60      1.00      0.75        25
          11       1.00      0.96      0.98        25
          12       0.92      0.92      0.92        25
          13       0.85      0.92      0.88        25
          14       0.72      0.91      0.81        23
          15       0.77      1.00      0.87        24
          16       0.87      1.00      0.93        26
          17       0.92      1.00      0.96        23
          18       0.88      0.88      0.88        26
          19       0.74      0.91      0.82        22
          20       0.92      1.00      0.96        22
          21       0.92      1.00      0.96        24
          22       0.85      0.85      0.85        20
          23       0.86      0.95      0.90        20
          24       0.79      0.96      0.87        24
          25       0.92      1.00      0.96        23
          26       0.50      1.00      0.67         9
          27       0.78      0.78      0.78         9
          28       1.00      0.88      0.93       628

    accuracy                           0.91      1256
   macro avg       0.86      0.94      0.89      1256
weighted avg       0.93      0.91      0.92      1256

