	matchcboxnet--val_loss=0.3033-epoch=220.model
	snr: 0 - seed: 0
              precision    recall  f1-score   support

           0       1.00      0.83      0.90        23
           1       0.76      0.96      0.85        23
           2       0.79      0.92      0.85        24
           3       0.83      0.87      0.85        23
           4       0.96      0.96      0.96        24
           5       0.75      0.88      0.81        24
           6       0.95      0.82      0.88        22
           7       0.73      1.00      0.84        24
           8       0.76      0.96      0.85        23
           9       0.90      0.78      0.84        23
          10       0.49      1.00      0.66        25
          11       0.83      0.80      0.82        25
          12       0.85      0.92      0.88        25
          13       0.73      0.88      0.80        25
          14       0.56      0.96      0.71        23
          15       0.83      0.83      0.83        24
          16       0.80      0.92      0.86        26
          17       0.81      0.91      0.86        23
          18       0.92      0.88      0.90        26
          19       0.67      0.91      0.77        22
          20       0.95      0.82      0.88        22
          21       0.80      0.83      0.82        24
          22       0.95      0.90      0.92        20
          23       0.75      0.90      0.82        20
          24       0.83      0.83      0.83        24
          25       0.67      0.96      0.79        23
          26       0.56      1.00      0.72         9
          27       0.73      0.89      0.80         9
          28       1.00      0.84      0.91       628

    accuracy                           0.87      1256
   macro avg       0.80      0.89      0.83      1256
weighted avg       0.90      0.87      0.87      1256

