	matchcboxnet--val_loss=0.3033-epoch=220.model
	snr: 20 - seed: 0
              precision    recall  f1-score   support

           0       0.96      1.00      0.98        23
           1       0.92      1.00      0.96        23
           2       0.88      0.92      0.90        24
           3       0.91      0.91      0.91        23
           4       0.92      1.00      0.96        24
           5       0.79      0.96      0.87        24
           6       1.00      0.91      0.95        22
           7       0.86      1.00      0.92        24
           8       0.88      0.96      0.92        23
           9       0.88      0.91      0.89        23
          10       0.68      1.00      0.81        25
          11       1.00      0.96      0.98        25
          12       0.96      0.96      0.96        25
          13       0.86      1.00      0.93        25
          14       0.81      0.91      0.86        23
          15       0.77      1.00      0.87        24
          16       0.87      1.00      0.93        26
          17       0.82      1.00      0.90        23
          18       0.86      0.92      0.89        26
          19       0.77      0.91      0.83        22
          20       0.92      1.00      0.96        22
          21       0.86      1.00      0.92        24
          22       1.00      1.00      1.00        20
          23       0.91      1.00      0.95        20
          24       0.81      0.92      0.86        24
          25       0.85      1.00      0.92        23
          26       0.69      1.00      0.82         9
          27       0.90      1.00      0.95         9
          28       1.00      0.88      0.94       628

    accuracy                           0.92      1256
   macro avg       0.87      0.97      0.91      1256
weighted avg       0.94      0.92      0.93      1256

