	matchcboxnet--val_loss=0.3033-epoch=220.model
	snr: 10 - seed: 0
              precision    recall  f1-score   support

           0       0.96      0.96      0.96        23
           1       0.88      1.00      0.94        23
           2       0.88      0.92      0.90        24
           3       0.91      0.91      0.91        23
           4       0.92      1.00      0.96        24
           5       0.79      0.96      0.87        24
           6       0.90      0.86      0.88        22
           7       0.88      0.96      0.92        24
           8       0.84      0.91      0.87        23
           9       0.88      1.00      0.94        23
          10       0.71      1.00      0.83        25
          11       1.00      0.92      0.96        25
          12       0.89      0.96      0.92        25
          13       0.86      1.00      0.93        25
          14       0.72      0.91      0.81        23
          15       0.80      1.00      0.89        24
          16       0.87      1.00      0.93        26
          17       0.82      1.00      0.90        23
          18       0.85      0.88      0.87        26
          19       0.77      0.91      0.83        22
          20       0.91      0.95      0.93        22
          21       0.83      1.00      0.91        24
          22       0.95      0.95      0.95        20
          23       0.91      1.00      0.95        20
          24       0.82      0.96      0.88        24
          25       0.85      0.96      0.90        23
          26       0.60      1.00      0.75         9
          27       0.80      0.89      0.84         9
          28       1.00      0.87      0.93       628

    accuracy                           0.92      1256
   macro avg       0.86      0.95      0.90      1256
weighted avg       0.93      0.92      0.92      1256

