	matchcboxnet--val_loss=0.8493-epoch=249.model
	snr: 15 - seed: 0
              precision    recall  f1-score   support

           0       0.85      1.00      0.92        23
           1       0.71      0.96      0.81        23
           2       0.85      0.92      0.88        24
           3       0.91      0.91      0.91        23
           4       0.89      1.00      0.94        24
           5       0.74      0.96      0.84        24
           6       0.92      1.00      0.96        22
           7       0.72      0.96      0.82        24
           8       0.88      0.96      0.92        23
           9       0.91      0.91      0.91        23
          10       0.62      1.00      0.77        25
          11       0.92      0.96      0.94        25
          12       0.89      0.96      0.92        25
          13       0.86      1.00      0.93        25
          14       0.81      0.91      0.86        23
          15       0.82      0.96      0.88        24
          16       0.79      1.00      0.88        26
          17       0.84      0.91      0.87        23
          18       0.89      0.92      0.91        26
          19       0.77      0.91      0.83        22
          20       0.81      0.95      0.88        22
          21       0.96      1.00      0.98        24
          22       1.00      0.95      0.97        20
          23       0.91      1.00      0.95        20
          24       0.83      1.00      0.91        24
          25       0.79      1.00      0.88        23
          26       0.82      1.00      0.90         9
          27       0.67      0.89      0.76         9
          28       1.00      0.84      0.91       628

    accuracy                           0.90      1256
   macro avg       0.84      0.96      0.89      1256
weighted avg       0.92      0.90      0.90      1256

