	matchcboxnet--val_loss=0.8493-epoch=249.model
	snr: 25 - seed: 0
              precision    recall  f1-score   support

           0       0.92      1.00      0.96        23
           1       0.79      1.00      0.88        23
           2       0.88      0.92      0.90        24
           3       0.95      0.91      0.93        23
           4       0.89      1.00      0.94        24
           5       0.77      1.00      0.87        24
           6       0.92      1.00      0.96        22
           7       0.82      0.96      0.88        24
           8       0.96      1.00      0.98        23
           9       0.96      0.96      0.96        23
          10       0.68      1.00      0.81        25
          11       0.92      0.96      0.94        25
          12       0.96      0.96      0.96        25
          13       0.93      1.00      0.96        25
          14       0.81      0.96      0.88        23
          15       0.77      1.00      0.87        24
          16       0.87      1.00      0.93        26
          17       0.92      0.96      0.94        23
          18       0.86      0.92      0.89        26
          19       0.83      0.91      0.87        22
          20       0.73      1.00      0.85        22
          21       1.00      1.00      1.00        24
          22       0.95      1.00      0.98        20
          23       0.95      1.00      0.98        20
          24       0.83      1.00      0.91        24
          25       0.74      1.00      0.85        23
          26       0.69      1.00      0.82         9
          27       0.75      1.00      0.86         9
          28       1.00      0.86      0.92       628

    accuracy                           0.92      1256
   macro avg       0.86      0.97      0.91      1256
weighted avg       0.93      0.92      0.92      1256

