	matchcboxnet--val_loss=0.8493-epoch=249.model
	snr: 10 - seed: 0
              precision    recall  f1-score   support

           0       0.96      0.96      0.96        23
           1       0.69      0.96      0.80        23
           2       0.76      0.92      0.83        24
           3       0.95      0.91      0.93        23
           4       0.89      1.00      0.94        24
           5       0.75      1.00      0.86        24
           6       0.85      1.00      0.92        22
           7       0.79      0.96      0.87        24
           8       1.00      1.00      1.00        23
           9       0.95      0.83      0.88        23
          10       0.64      1.00      0.78        25
          11       1.00      0.96      0.98        25
          12       1.00      0.96      0.98        25
          13       0.89      1.00      0.94        25
          14       0.78      0.91      0.84        23
          15       0.77      1.00      0.87        24
          16       0.90      1.00      0.95        26
          17       0.88      0.96      0.92        23
          18       0.88      0.88      0.88        26
          19       0.78      0.95      0.86        22
          20       0.81      1.00      0.90        22
          21       1.00      1.00      1.00        24
          22       1.00      0.95      0.97        20
          23       0.91      1.00      0.95        20
          24       0.77      1.00      0.87        24
          25       0.74      1.00      0.85        23
          26       0.82      1.00      0.90         9
          27       0.73      0.89      0.80         9
          28       1.00      0.86      0.92       628

    accuracy                           0.91      1256
   macro avg       0.86      0.96      0.90      1256
weighted avg       0.93      0.91      0.91      1256

