	matchcboxnet--val_loss=0.8493-epoch=249.model
	snr: 0 - seed: 0
              precision    recall  f1-score   support

           0       0.91      0.87      0.89        23
           1       0.56      1.00      0.72        23
           2       0.78      0.88      0.82        24
           3       0.91      0.87      0.89        23
           4       0.88      0.88      0.88        24
           5       0.73      1.00      0.84        24
           6       0.75      0.95      0.84        22
           7       0.82      0.96      0.88        24
           8       0.90      0.78      0.84        23
           9       0.84      0.91      0.87        23
          10       0.49      1.00      0.66        25
          11       0.95      0.84      0.89        25
          12       1.00      0.96      0.98        25
          13       0.89      0.96      0.92        25
          14       0.81      0.91      0.86        23
          15       0.71      0.92      0.80        24
          16       0.74      1.00      0.85        26
          17       0.88      0.96      0.92        23
          18       1.00      0.88      0.94        26
          19       0.72      0.95      0.82        22
          20       0.76      0.86      0.81        22
          21       0.95      0.88      0.91        24
          22       0.78      0.90      0.84        20
          23       0.72      0.90      0.80        20
          24       0.81      0.92      0.86        24
          25       0.72      1.00      0.84        23
          26       0.60      1.00      0.75         9
          27       0.47      0.78      0.58         9
          28       1.00      0.81      0.90       628

    accuracy                           0.87      1256
   macro avg       0.80      0.91      0.84      1256
weighted avg       0.90      0.87      0.87      1256

