	matchcboxnet--val_loss=0.8493-epoch=249.model
	snr: 5 - seed: 0
              precision    recall  f1-score   support

           0       0.91      0.91      0.91        23
           1       0.69      0.96      0.80        23
           2       0.76      0.92      0.83        24
           3       1.00      0.91      0.95        23
           4       0.83      1.00      0.91        24
           5       0.72      0.96      0.82        24
           6       0.81      0.95      0.88        22
           7       0.85      0.96      0.90        24
           8       1.00      0.96      0.98        23
           9       0.91      0.87      0.89        23
          10       0.60      1.00      0.75        25
          11       0.89      0.96      0.92        25
          12       0.96      0.92      0.94        25
          13       0.92      0.96      0.94        25
          14       0.79      0.96      0.86        23
          15       0.71      1.00      0.83        24
          16       0.81      1.00      0.90        26
          17       0.92      0.96      0.94        23
          18       0.81      0.81      0.81        26
          19       0.77      0.91      0.83        22
          20       0.76      1.00      0.86        22
          21       0.92      0.96      0.94        24
          22       0.90      0.90      0.90        20
          23       0.86      0.95      0.90        20
          24       0.82      0.96      0.88        24
          25       0.68      1.00      0.81        23
          26       0.60      1.00      0.75         9
          27       0.70      0.78      0.74         9
          28       1.00      0.83      0.91       628

    accuracy                           0.89      1256
   macro avg       0.82      0.94      0.87      1256
weighted avg       0.91      0.89      0.89      1256

