	matchcboxnet--val_loss=0.8493-epoch=249.model
	snr: 30 - seed: 0
              precision    recall  f1-score   support

           0       0.92      1.00      0.96        23
           1       0.76      0.96      0.85        23
           2       0.92      0.92      0.92        24
           3       0.95      0.91      0.93        23
           4       0.86      1.00      0.92        24
           5       0.74      0.96      0.84        24
           6       0.85      1.00      0.92        22
           7       0.77      0.96      0.85        24
           8       1.00      1.00      1.00        23
           9       0.95      0.91      0.93        23
          10       0.69      1.00      0.82        25
          11       0.96      0.96      0.96        25
          12       0.96      0.96      0.96        25
          13       0.89      1.00      0.94        25
          14       0.85      0.96      0.90        23
          15       0.80      1.00      0.89        24
          16       0.84      1.00      0.91        26
          17       0.92      0.96      0.94        23
          18       0.89      0.92      0.91        26
          19       0.84      0.95      0.89        22
          20       0.76      1.00      0.86        22
          21       0.92      1.00      0.96        24
          22       1.00      1.00      1.00        20
          23       1.00      1.00      1.00        20
          24       0.86      1.00      0.92        24
          25       0.79      1.00      0.88        23
          26       0.82      1.00      0.90         9
          27       0.75      1.00      0.86         9
          28       1.00      0.87      0.93       628

    accuracy                           0.92      1256
   macro avg       0.87      0.97      0.92      1256
weighted avg       0.93      0.92      0.92      1256

