	matchcboxnet--val_loss=0.427-epoch=248.model
	snr: 10 - seed: 0
              precision    recall  f1-score   support

           0       0.77      1.00      0.87        23
           1       0.82      1.00      0.90        23
           2       0.64      0.88      0.74        24
           3       0.91      0.91      0.91        23
           4       0.86      1.00      0.92        24
           5       0.77      0.96      0.85        24
           6       0.91      0.91      0.91        22
           7       0.86      1.00      0.92        24
           8       0.85      0.96      0.90        23
           9       0.87      0.87      0.87        23
          10       0.86      0.96      0.91        25
          11       0.89      1.00      0.94        25
          12       0.92      0.92      0.92        25
          13       0.89      1.00      0.94        25
          14       0.78      0.91      0.84        23
          15       0.75      1.00      0.86        24
          16       0.90      1.00      0.95        26
          17       0.92      0.96      0.94        23
          18       0.92      0.88      0.90        26
          19       0.72      0.95      0.82        22
          20       0.76      1.00      0.86        22
          21       0.88      0.96      0.92        24
          22       0.95      0.95      0.95        20
          23       0.80      1.00      0.89        20
          24       0.91      0.88      0.89        24
          25       0.66      1.00      0.79        23
          26       0.82      1.00      0.90         9
          27       1.00      0.78      0.88         9
          28       1.00      0.85      0.92       628

    accuracy                           0.90      1256
   macro avg       0.85      0.95      0.89      1256
weighted avg       0.92      0.90      0.90      1256

