	matchcboxnet--val_loss=0.427-epoch=248.model
	snr: 0 - seed: 0
              precision    recall  f1-score   support

           0       0.72      0.91      0.81        23
           1       0.76      0.96      0.85        23
           2       0.53      0.88      0.66        24
           3       0.90      0.83      0.86        23
           4       0.84      0.88      0.86        24
           5       0.67      0.83      0.74        24
           6       0.95      0.82      0.88        22
           7       0.79      0.96      0.87        24
           8       0.56      0.78      0.65        23
           9       0.75      0.78      0.77        23
          10       0.57      1.00      0.72        25
          11       0.87      0.80      0.83        25
          12       0.92      0.96      0.94        25
          13       0.92      0.88      0.90        25
          14       0.78      0.91      0.84        23
          15       0.61      0.92      0.73        24
          16       0.83      0.96      0.89        26
          17       0.85      0.96      0.90        23
          18       0.92      0.88      0.90        26
          19       0.69      0.91      0.78        22
          20       0.80      0.91      0.85        22
          21       0.76      0.79      0.78        24
          22       0.86      0.95      0.90        20
          23       0.82      0.90      0.86        20
          24       0.91      0.88      0.89        24
          25       0.58      0.91      0.71        23
          26       0.69      1.00      0.82         9
          27       0.86      0.67      0.75         9
          28       1.00      0.82      0.90       628

    accuracy                           0.85      1256
   macro avg       0.78      0.88      0.82      1256
weighted avg       0.89      0.85      0.86      1256

