	matchcboxnet--val_loss=0.427-epoch=248.model
	snr: 5 - seed: 0
              precision    recall  f1-score   support

           0       0.82      1.00      0.90        23
           1       0.92      0.96      0.94        23
           2       0.63      0.92      0.75        24
           3       0.91      0.91      0.91        23
           4       0.85      0.92      0.88        24
           5       0.77      1.00      0.87        24
           6       0.95      0.86      0.90        22
           7       0.86      1.00      0.92        24
           8       0.79      1.00      0.88        23
           9       0.87      0.87      0.87        23
          10       0.81      1.00      0.89        25
          11       0.83      0.96      0.89        25
          12       1.00      0.96      0.98        25
          13       0.96      0.96      0.96        25
          14       0.88      0.91      0.89        23
          15       0.73      1.00      0.84        24
          16       0.87      1.00      0.93        26
          17       0.88      0.96      0.92        23
          18       0.91      0.77      0.83        26
          19       0.72      0.95      0.82        22
          20       0.76      1.00      0.86        22
          21       0.86      1.00      0.92        24
          22       0.86      0.90      0.88        20
          23       0.91      1.00      0.95        20
          24       0.85      0.92      0.88        24
          25       0.70      1.00      0.82        23
          26       0.75      1.00      0.86         9
          27       0.86      0.67      0.75         9
          28       1.00      0.86      0.92       628

    accuracy                           0.90      1256
   macro avg       0.84      0.94      0.88      1256
weighted avg       0.92      0.90      0.91      1256

