	matchcboxnet--val_loss=0.427-epoch=248.model
	snr: 15 - seed: 0
              precision    recall  f1-score   support

           0       0.88      1.00      0.94        23
           1       0.88      1.00      0.94        23
           2       0.66      0.88      0.75        24
           3       0.91      0.91      0.91        23
           4       0.88      0.96      0.92        24
           5       0.77      0.96      0.85        24
           6       0.87      0.91      0.89        22
           7       0.92      1.00      0.96        24
           8       0.81      0.96      0.88        23
           9       0.83      0.87      0.85        23
          10       0.78      1.00      0.88        25
          11       0.88      0.92      0.90        25
          12       0.92      0.96      0.94        25
          13       0.89      1.00      0.94        25
          14       0.88      0.91      0.89        23
          15       0.65      1.00      0.79        24
          16       0.93      1.00      0.96        26
          17       0.96      0.96      0.96        23
          18       0.86      0.92      0.89        26
          19       0.71      0.91      0.80        22
          20       0.81      1.00      0.90        22
          21       0.92      1.00      0.96        24
          22       0.95      0.90      0.92        20
          23       0.91      1.00      0.95        20
          24       0.85      0.96      0.90        24
          25       0.77      1.00      0.87        23
          26       0.82      1.00      0.90         9
          27       1.00      0.78      0.88         9
          28       1.00      0.87      0.93       628

    accuracy                           0.91      1256
   macro avg       0.86      0.95      0.90      1256
weighted avg       0.93      0.91      0.91      1256

