	matchcboxnet--val_loss=0.427-epoch=248.model
	snr: 30 - seed: 0
              precision    recall  f1-score   support

           0       0.82      1.00      0.90        23
           1       0.85      1.00      0.92        23
           2       0.69      0.92      0.79        24
           3       0.95      0.91      0.93        23
           4       0.92      1.00      0.96        24
           5       0.77      0.96      0.85        24
           6       0.95      0.95      0.95        22
           7       0.92      1.00      0.96        24
           8       0.82      1.00      0.90        23
           9       0.86      0.83      0.84        23
          10       0.83      1.00      0.91        25
          11       0.89      0.96      0.92        25
          12       0.86      0.96      0.91        25
          13       0.83      1.00      0.91        25
          14       0.84      0.91      0.87        23
          15       0.71      1.00      0.83        24
          16       0.96      1.00      0.98        26
          17       0.88      0.96      0.92        23
          18       0.96      0.92      0.94        26
          19       0.80      0.91      0.85        22
          20       0.88      1.00      0.94        22
          21       0.86      1.00      0.92        24
          22       0.86      0.95      0.90        20
          23       0.91      1.00      0.95        20
          24       0.96      0.92      0.94        24
          25       0.68      1.00      0.81        23
          26       0.75      1.00      0.86         9
          27       1.00      0.89      0.94         9
          28       1.00      0.86      0.93       628

    accuracy                           0.91      1256
   macro avg       0.86      0.96      0.90      1256
weighted avg       0.93      0.91      0.92      1256

