	matchcboxnet--val_loss=0.427-epoch=248.model
	snr: 20 - seed: 0
              precision    recall  f1-score   support

           0       0.70      1.00      0.82        23
           1       0.88      1.00      0.94        23
           2       0.67      0.92      0.77        24
           3       0.95      0.87      0.91        23
           4       0.92      0.96      0.94        24
           5       0.77      0.96      0.85        24
           6       0.91      0.95      0.93        22
           7       0.96      1.00      0.98        24
           8       0.79      1.00      0.88        23
           9       0.88      0.91      0.89        23
          10       0.86      1.00      0.93        25
          11       0.93      1.00      0.96        25
          12       0.86      0.96      0.91        25
          13       0.86      0.96      0.91        25
          14       0.84      0.91      0.87        23
          15       0.77      0.96      0.85        24
          16       0.90      1.00      0.95        26
          17       0.81      0.96      0.88        23
          18       0.96      0.92      0.94        26
          19       0.77      0.91      0.83        22
          20       0.81      1.00      0.90        22
          21       0.86      1.00      0.92        24
          22       0.90      0.95      0.93        20
          23       0.86      0.95      0.90        20
          24       0.88      0.92      0.90        24
          25       0.72      1.00      0.84        23
          26       0.75      1.00      0.86         9
          27       1.00      0.89      0.94         9
          28       1.00      0.86      0.92       628

    accuracy                           0.91      1256
   macro avg       0.85      0.96      0.90      1256
weighted avg       0.92      0.91      0.91      1256

