	matchcboxnet--val_loss=0.3161-epoch=249.model
	snr: 30 - seed: 0
              precision    recall  f1-score   support

           0       0.94      1.00      0.97        17
           1       1.00      0.94      0.97        18
           2       0.88      0.88      0.88        17
           3       0.79      0.83      0.81        18
           4       0.73      1.00      0.84        19
           5       0.89      0.94      0.91        17
           6       0.88      0.83      0.86        18
           7       1.00      0.88      0.94        17
           8       0.93      0.93      0.93        15
           9       0.65      1.00      0.79        13
          10       0.81      1.00      0.89        17
          11       0.94      1.00      0.97        17
          12       0.84      0.94      0.89        17
          13       1.00      1.00      1.00        16
          14       0.77      0.94      0.85        18
          15       0.89      1.00      0.94        16
          16       0.89      1.00      0.94        16
          17       0.88      1.00      0.94        15
          18       1.00      1.00      1.00        26
          19       1.00      0.92      0.96        24
          20       0.94      1.00      0.97        17
          21       0.84      1.00      0.91        16
          22       1.00      1.00      1.00        17
          23       0.94      1.00      0.97        15
          24       0.94      1.00      0.97        15
          25       0.94      0.94      0.94        17
          26       1.00      0.89      0.94         9
          27       0.80      0.89      0.84         9
          28       1.00      0.93      0.96       466

    accuracy                           0.94       932
   macro avg       0.90      0.96      0.92       932
weighted avg       0.95      0.94      0.94       932

