	matchcboxnet--val_loss=0.3161-epoch=249.model
	snr: 5 - seed: 0
              precision    recall  f1-score   support

           0       0.81      1.00      0.89        17
           1       1.00      0.89      0.94        18
           2       0.83      0.88      0.86        17
           3       0.82      0.78      0.80        18
           4       0.75      0.95      0.84        19
           5       0.68      1.00      0.81        17
           6       0.89      0.89      0.89        18
           7       0.84      0.94      0.89        17
           8       0.88      0.93      0.90        15
           9       0.71      0.92      0.80        13
          10       1.00      1.00      1.00        17
          11       0.94      1.00      0.97        17
          12       0.89      0.94      0.91        17
          13       0.94      0.94      0.94        16
          14       0.78      1.00      0.88        18
          15       0.84      1.00      0.91        16
          16       0.80      1.00      0.89        16
          17       0.83      1.00      0.91        15
          18       1.00      0.96      0.98        26
          19       1.00      0.92      0.96        24
          20       0.94      0.94      0.94        17
          21       0.94      1.00      0.97        16
          22       1.00      0.94      0.97        17
          23       0.83      1.00      0.91        15
          24       0.93      0.93      0.93        15
          25       0.85      1.00      0.92        17
          26       0.73      0.89      0.80         9
          27       0.82      1.00      0.90         9
          28       1.00      0.90      0.95       466

    accuracy                           0.93       932
   macro avg       0.87      0.95      0.91       932
weighted avg       0.94      0.93      0.93       932

