	matchcboxnet--val_loss=0.3161-epoch=249.model
	snr: 20 - seed: 0
              precision    recall  f1-score   support

           0       0.85      1.00      0.92        17
           1       0.94      0.94      0.94        18
           2       0.94      0.94      0.94        17
           3       0.89      0.89      0.89        18
           4       0.73      1.00      0.84        19
           5       0.84      0.94      0.89        17
           6       0.79      0.83      0.81        18
           7       0.84      0.94      0.89        17
           8       0.94      1.00      0.97        15
           9       0.76      1.00      0.87        13
          10       0.89      1.00      0.94        17
          11       1.00      1.00      1.00        17
          12       0.89      0.94      0.91        17
          13       1.00      1.00      1.00        16
          14       0.82      1.00      0.90        18
          15       0.89      1.00      0.94        16
          16       0.84      1.00      0.91        16
          17       0.94      1.00      0.97        15
          18       1.00      1.00      1.00        26
          19       1.00      0.96      0.98        24
          20       0.94      1.00      0.97        17
          21       0.89      1.00      0.94        16
          22       1.00      0.94      0.97        17
          23       0.94      1.00      0.97        15
          24       1.00      1.00      1.00        15
          25       0.94      1.00      0.97        17
          26       0.80      0.89      0.84         9
          27       0.90      1.00      0.95         9
          28       1.00      0.92      0.96       466

    accuracy                           0.95       932
   macro avg       0.90      0.97      0.93       932
weighted avg       0.95      0.95      0.95       932

