	matchcboxnet--val_loss=0.3161-epoch=249.model
	snr: 0 - seed: 0
              precision    recall  f1-score   support

           0       0.80      0.94      0.86        17
           1       0.84      0.89      0.86        18
           2       0.82      0.82      0.82        17
           3       0.70      0.78      0.74        18
           4       0.55      0.89      0.68        19
           5       0.62      0.88      0.73        17
           6       0.64      0.89      0.74        18
           7       0.78      0.82      0.80        17
           8       0.79      0.73      0.76        15
           9       0.50      0.85      0.63        13
          10       0.85      1.00      0.92        17
          11       0.81      1.00      0.89        17
          12       0.73      0.94      0.82        17
          13       0.92      0.75      0.83        16
          14       0.72      1.00      0.84        18
          15       0.78      0.88      0.82        16
          16       0.84      1.00      0.91        16
          17       0.83      1.00      0.91        15
          18       1.00      0.77      0.87        26
          19       0.89      1.00      0.94        24
          20       0.94      0.94      0.94        17
          21       0.88      0.94      0.91        16
          22       0.93      0.76      0.84        17
          23       0.74      0.93      0.82        15
          24       1.00      1.00      1.00        15
          25       0.81      1.00      0.89        17
          26       0.70      0.78      0.74         9
          27       0.78      0.78      0.78         9
          28       1.00      0.85      0.92       466

    accuracy                           0.87       932
   macro avg       0.80      0.89      0.84       932
weighted avg       0.90      0.87      0.88       932

