	matchcboxnet--val_loss=0.369-epoch=249.model
	snr: 10 - seed: 0
              precision    recall  f1-score   support

           0       0.85      1.00      0.92        17
           1       0.94      0.94      0.94        18
           2       0.67      0.94      0.78        17
           3       0.71      0.83      0.77        18
           4       0.86      1.00      0.93        19
           5       1.00      0.94      0.97        17
           6       1.00      0.83      0.91        18
           7       0.74      1.00      0.85        17
           8       0.93      0.93      0.93        15
           9       0.80      0.92      0.86        13
          10       0.89      1.00      0.94        17
          11       1.00      1.00      1.00        17
          12       0.89      0.94      0.91        17
          13       0.94      1.00      0.97        16
          14       0.90      1.00      0.95        18
          15       0.89      1.00      0.94        16
          16       0.94      1.00      0.97        16
          17       1.00      1.00      1.00        15
          18       1.00      1.00      1.00        26
          19       0.96      1.00      0.98        24
          20       0.94      0.94      0.94        17
          21       0.89      1.00      0.94        16
          22       1.00      0.94      0.97        17
          23       0.94      1.00      0.97        15
          24       0.94      1.00      0.97        15
          25       0.94      1.00      0.97        17
          26       0.89      0.89      0.89         9
          27       0.82      1.00      0.90         9
          28       1.00      0.92      0.96       466

    accuracy                           0.95       932
   macro avg       0.91      0.97      0.93       932
weighted avg       0.95      0.95      0.95       932

