	matchcboxnet--val_loss=0.369-epoch=249.model
	snr: 0 - seed: 0
              precision    recall  f1-score   support

           0       0.89      0.94      0.91        17
           1       0.94      0.94      0.94        18
           2       0.45      0.59      0.51        17
           3       0.58      0.78      0.67        18
           4       0.77      0.89      0.83        19
           5       0.89      0.94      0.91        17
           6       0.76      0.89      0.82        18
           7       0.61      1.00      0.76        17
           8       0.60      0.60      0.60        15
           9       0.73      0.85      0.79        13
          10       0.89      1.00      0.94        17
          11       0.85      1.00      0.92        17
          12       0.67      0.94      0.78        17
          13       0.92      0.75      0.83        16
          14       0.78      1.00      0.88        18
          15       0.94      0.94      0.94        16
          16       0.94      1.00      0.97        16
          17       0.75      1.00      0.86        15
          18       1.00      0.73      0.84        26
          19       0.76      0.92      0.83        24
          20       0.93      0.82      0.87        17
          21       0.88      0.94      0.91        16
          22       0.88      0.88      0.88        17
          23       0.76      0.87      0.81        15
          24       0.94      1.00      0.97        15
          25       0.94      0.94      0.94        17
          26       0.50      0.89      0.64         9
          27       0.62      0.89      0.73         9
          28       1.00      0.86      0.93       466

    accuracy                           0.88       932
   macro avg       0.80      0.89      0.83       932
weighted avg       0.90      0.88      0.88       932

