	matchcboxnet--val_loss=0.369-epoch=249.model
	snr: 15 - seed: 0
              precision    recall  f1-score   support

           0       0.89      1.00      0.94        17
           1       1.00      0.94      0.97        18
           2       0.73      0.94      0.82        17
           3       0.89      0.89      0.89        18
           4       0.86      0.95      0.90        19
           5       0.94      0.94      0.94        17
           6       1.00      0.89      0.94        18
           7       0.74      1.00      0.85        17
           8       1.00      0.93      0.97        15
           9       0.81      1.00      0.90        13
          10       0.94      1.00      0.97        17
          11       0.94      1.00      0.97        17
          12       0.80      0.94      0.86        17
          13       1.00      1.00      1.00        16
          14       0.86      1.00      0.92        18
          15       0.94      1.00      0.97        16
          16       0.94      1.00      0.97        16
          17       1.00      1.00      1.00        15
          18       1.00      0.96      0.98        26
          19       0.96      1.00      0.98        24
          20       1.00      1.00      1.00        17
          21       1.00      1.00      1.00        16
          22       0.94      0.94      0.94        17
          23       0.94      1.00      0.97        15
          24       1.00      1.00      1.00        15
          25       0.94      1.00      0.97        17
          26       0.67      0.89      0.76         9
          27       0.89      0.89      0.89         9
          28       1.00      0.94      0.97       466

    accuracy                           0.95       932
   macro avg       0.92      0.97      0.94       932
weighted avg       0.96      0.95      0.96       932

