	matchcboxnet--val_loss=0.369-epoch=249.model
	snr: 30 - seed: 0
              precision    recall  f1-score   support

           0       0.94      1.00      0.97        17
           1       1.00      1.00      1.00        18
           2       0.75      0.88      0.81        17
           3       0.84      0.89      0.86        18
           4       0.95      0.95      0.95        19
           5       0.89      0.94      0.91        17
           6       1.00      0.89      0.94        18
           7       0.81      1.00      0.89        17
           8       1.00      1.00      1.00        15
           9       0.93      1.00      0.96        13
          10       0.94      1.00      0.97        17
          11       1.00      1.00      1.00        17
          12       0.84      0.94      0.89        17
          13       1.00      1.00      1.00        16
          14       0.86      1.00      0.92        18
          15       0.94      1.00      0.97        16
          16       0.94      1.00      0.97        16
          17       1.00      1.00      1.00        15
          18       1.00      1.00      1.00        26
          19       1.00      1.00      1.00        24
          20       1.00      1.00      1.00        17
          21       1.00      1.00      1.00        16
          22       1.00      0.94      0.97        17
          23       0.94      1.00      0.97        15
          24       1.00      1.00      1.00        15
          25       0.94      1.00      0.97        17
          26       1.00      0.89      0.94         9
          27       0.82      1.00      0.90         9
          28       1.00      0.96      0.98       466

    accuracy                           0.97       932
   macro avg       0.94      0.98      0.96       932
weighted avg       0.97      0.97      0.97       932

