	matchcboxnet--val_loss=0.369-epoch=249.model
	snr: 5 - seed: 0
              precision    recall  f1-score   support

           0       0.81      1.00      0.89        17
           1       1.00      0.83      0.91        18
           2       0.70      0.82      0.76        17
           3       0.67      0.78      0.72        18
           4       1.00      1.00      1.00        19
           5       0.81      1.00      0.89        17
           6       0.89      0.89      0.89        18
           7       0.81      1.00      0.89        17
           8       0.92      0.73      0.81        15
           9       0.86      0.92      0.89        13
          10       1.00      0.94      0.97        17
          11       0.94      1.00      0.97        17
          12       0.70      0.94      0.80        17
          13       1.00      0.94      0.97        16
          14       0.75      1.00      0.86        18
          15       1.00      1.00      1.00        16
          16       0.89      1.00      0.94        16
          17       0.94      1.00      0.97        15
          18       1.00      0.88      0.94        26
          19       0.89      1.00      0.94        24
          20       0.94      1.00      0.97        17
          21       0.94      1.00      0.97        16
          22       1.00      1.00      1.00        17
          23       0.94      1.00      0.97        15
          24       0.87      0.87      0.87        15
          25       0.89      1.00      0.94        17
          26       0.80      0.89      0.84         9
          27       0.60      1.00      0.75         9
          28       1.00      0.92      0.96       466

    accuracy                           0.93       932
   macro avg       0.88      0.94      0.91       932
weighted avg       0.94      0.93      0.93       932

