	matchcboxnet--val_loss=0.369-epoch=249.model
	snr: 25 - seed: 0
              precision    recall  f1-score   support

           0       0.94      1.00      0.97        17
           1       1.00      0.94      0.97        18
           2       0.71      0.88      0.79        17
           3       0.80      0.89      0.84        18
           4       0.83      1.00      0.90        19
           5       1.00      0.94      0.97        17
           6       1.00      0.89      0.94        18
           7       0.81      1.00      0.89        17
           8       0.93      0.93      0.93        15
           9       0.81      1.00      0.90        13
          10       0.94      1.00      0.97        17
          11       1.00      1.00      1.00        17
          12       0.89      0.94      0.91        17
          13       1.00      1.00      1.00        16
          14       0.86      1.00      0.92        18
          15       0.94      1.00      0.97        16
          16       0.89      1.00      0.94        16
          17       0.94      1.00      0.97        15
          18       1.00      1.00      1.00        26
          19       1.00      0.96      0.98        24
          20       1.00      1.00      1.00        17
          21       1.00      1.00      1.00        16
          22       1.00      0.94      0.97        17
          23       0.94      1.00      0.97        15
          24       1.00      1.00      1.00        15
          25       0.94      1.00      0.97        17
          26       0.80      0.89      0.84         9
          27       0.90      1.00      0.95         9
          28       1.00      0.95      0.97       466

    accuracy                           0.96       932
   macro avg       0.93      0.97      0.95       932
weighted avg       0.96      0.96      0.96       932

