1153299253
225920774
2121819999
121876938
1430746625
2146007936
482000749
5097115863
2089995001
408741209
1284329670
445686566
554250630
779117346
362625280
1620513764
649434306
238016822
1863268171
757906339
29503691
2143985449
279297158
377577537
2045192328
1067240777
1477981437
1953034279
719438104
1700542692
232282882
709629456
94638325
1506793015
1202998179
199231711
2112358607
1212263007
2114682518
5093320195
2144719944
1240446866
1314783113
1028780533
2131190666
787588380
443061286
1018280957
492297965
184960439
2125472936
1086043658
267561261
507870188
1770776685
1784612953
1780966140
1145359176
2107613029
500947574
2104479730
1230421796
222556755
1035156532
706553514
466977274
694887817
323966352
1069744512
395387919
198584602
2140135041
924061663
370932516
2144090201
834582285
1124862293
111941969
1224730345
190987356
132762273
757577790
767610558
1108558952
539069251
1323114146
673586351
233601088
1883652161
1908497562
881567288
1889914753
1785329822
2145431989
377989503
1483207948
1286262491
322249374
190682718
347330299
1415529430
2144627614
769426504
97417730
1552509924
867055321
1936687856
568501332
692151419
238808563
235766480
696351228
279763508
145347160
1908394421
1944030722
440886599
1609876882
2129470480
142490997
134001349
159219157
269423705
2126502572
48724485
2058616
2128855261
202738934
1237313710
873992744
924592135
1357309131
2104392071
2114178392
1132842894
1674211275
1630728501
842899160
2066516850
2112819853
540534542
436294034
1364524938
63445529
551316026
911154958
282583630
985961747
1310061555
1238418523
5003958420
899529674
714497549
2129142900
2109142388
621434009
1615114759
592391617
799304191
2123570996
2120045280
2127261933
1069977120
2055098585
1095491263
1285823216
296821092
1064283897
2025799315
67354644