1304767958
914604355
407575728
573851046
1385338327
698176020
224710733
5006572278
1092209077
559248021
1691433332
432184911
2012725217
697081431
957543608
450792836
133699592
189947376
547151431
30368201
827299942
571275450
122704679
1276203341
2144585557
691062738
1544136214
623691937
630722423
802288530
765587623
950255171
891999531
937390897
738867743
580130061
1216559213
247786014
556469931
892001330
208525704
268005350
2114791016
163426269
694611773
573888762
2118597066
5520968966
282273095
1864451770
538507591
604202480
954034949
1306913040
727092146
298552117
1179001292
352792887
445789300
409714222
858931616
523906610
747267779
366052369
189585663
932926412
927800987
388942547
1005594640
2115610208
1153694021
583884562
589084963
802314253
1520141330
406576777
365307573
1169965382
1299468493
1659685150
946730582
168283555
334596431
617568216
398950440
1248322316
166000575
322245354
2123568595
611850050
340310580
357011102
2080397916
1254765304
690728394
5062859821
179847597
1525639750
444849738
179492157
862086657