	matchcboxnet--val_loss=3.269-epoch=97.model
	snr: 0 - seed: 0
              precision    recall  f1-score   support

           0       0.47      0.93      0.62        29
           1       0.61      0.86      0.71        29
           2       0.38      0.87      0.53        31
           3       0.57      0.87      0.68        30
           4       0.54      0.93      0.68        30
           5       0.42      0.86      0.56        29
           6       0.46      0.90      0.61        29
           7       0.56      0.79      0.66        29
           8       0.57      0.86      0.69        28
           9       0.55      0.94      0.69        31
          10       0.45      1.00      0.62        29
          11       0.53      0.93      0.67        29
          12       0.51      0.97      0.67        29
          13       0.55      0.93      0.69        29
          14       0.35      0.93      0.50        30
          15       0.39      0.87      0.54        30
          16       0.37      1.00      0.54        11
          17       0.23      0.82      0.36        11
          18       0.38      0.86      0.52         7
          19       0.24      0.57      0.33         7
          20       0.13      0.86      0.22         7
          21       0.56      0.93      0.70        30
          22       0.58      0.94      0.72        31
          23       0.62      0.74      0.68        62
          24       0.39      0.90      0.55        30
          25       0.54      0.93      0.68        29
          26       0.55      0.90      0.68        30
          27       0.44      0.90      0.59        30
          28       0.59      0.90      0.71        30
          29       0.52      0.87      0.65        31
          30       0.50      0.97      0.66        30
          31       0.91      0.11      0.19       847

    accuracy                           0.50      1694
   macro avg       0.48      0.86      0.59      1694
weighted avg       0.70      0.50      0.41      1694

	matchcboxnet--val_loss=3.269-epoch=97.model
	snr: 0 - seed: 1
              precision    recall  f1-score   support

           0       0.59      1.00      0.74        29
           1       0.67      0.90      0.76        29
           2       0.40      0.90      0.55        31
           3       0.55      0.97      0.70        30
           4       0.43      0.77      0.55        30
           5       0.57      0.79      0.67        29
           6       0.52      0.86      0.65        29
           7       0.53      0.83      0.65        29
           8       0.48      0.89      0.62        28
           9       0.48      0.87      0.62        31
          10       0.45      1.00      0.62        29
          11       0.54      0.90      0.68        29
          12       0.47      0.97      0.64        29
          13       0.47      0.86      0.61        29
          14       0.37      1.00      0.54        30
          15       0.47      0.90      0.61        30
          16       0.32      1.00      0.49        11
          17       0.30      1.00      0.46        11
          18       0.31      0.71      0.43         7
          19       0.29      0.71      0.42         7
          20       0.14      0.86      0.24         7
          21       0.57      0.90      0.70        30
          22       0.62      1.00      0.77        31
          23       0.62      0.81      0.70        62
          24       0.36      0.83      0.51        30
          25       0.51      0.97      0.67        29
          26       0.62      0.87      0.72        30
          27       0.41      0.87      0.55        30
          28       0.51      1.00      0.67        30
          29       0.44      0.87      0.59        31
          30       0.47      0.90      0.62        30
          31       0.90      0.10      0.18       847

    accuracy                           0.50      1694
   macro avg       0.48      0.87      0.59      1694
weighted avg       0.70      0.50      0.41      1694

	matchcboxnet--val_loss=3.269-epoch=97.model
	snr: 0 - seed: 2
              precision    recall  f1-score   support

           0       0.44      0.93      0.60        29
           1       0.57      0.90      0.69        29
           2       0.47      0.90      0.62        31
           3       0.51      0.97      0.67        30
           4       0.43      0.90      0.58        30
           5       0.54      0.76      0.63        29
           6       0.51      0.90      0.65        29
           7       0.52      0.86      0.65        29
           8       0.55      0.86      0.67        28
           9       0.51      1.00      0.67        31
          10       0.49      0.97      0.65        29
          11       0.53      1.00      0.69        29
          12       0.50      0.97      0.66        29
          13       0.44      0.90      0.59        29
          14       0.38      0.93      0.54        30
          15       0.49      0.83      0.62        30
          16       0.28      1.00      0.44        11
          17       0.29      1.00      0.45        11
          18       0.26      0.71      0.38         7
          19       0.35      0.86      0.50         7
          20       0.14      0.86      0.24         7
          21       0.52      0.87      0.65        30
          22       0.73      0.97      0.83        31
          23       0.64      0.73      0.68        62
          24       0.34      0.73      0.46        30
          25       0.49      0.97      0.65        29
          26       0.66      0.90      0.76        30
          27       0.37      0.83      0.51        30
          28       0.52      0.83      0.64        30
          29       0.48      0.81      0.60        31
          30       0.43      0.80      0.56        30
          31       0.91      0.11      0.20       847

    accuracy                           0.50      1694
   macro avg       0.48      0.86      0.59      1694
weighted avg       0.70      0.50      0.41      1694

	matchcboxnet--val_loss=3.269-epoch=97.model
	snr: 0 - seed: 3
              precision    recall  f1-score   support

           0       0.48      0.97      0.64        29
           1       0.60      0.90      0.72        29
           2       0.38      0.84      0.53        31
           3       0.47      0.90      0.62        30
           4       0.48      0.90      0.63        30
           5       0.41      0.79      0.54        29
           6       0.51      0.93      0.66        29
           7       0.71      0.93      0.81        29
           8       0.54      0.89      0.68        28
           9       0.43      0.81      0.56        31
          10       0.46      0.90      0.60        29
          11       0.53      0.90      0.67        29
          12       0.46      0.86      0.60        29
          13       0.48      0.86      0.62        29
          14       0.35      0.97      0.52        30
          15       0.53      0.83      0.65        30
          16       0.32      0.91      0.48        11
          17       0.25      0.91      0.39        11
          18       0.28      0.71      0.40         7
          19       0.42      0.71      0.53         7
          20       0.16      0.86      0.27         7
          21       0.54      0.90      0.68        30
          22       0.58      0.97      0.72        31
          23       0.74      0.82      0.78        62
          24       0.36      0.87      0.51        30
          25       0.53      0.97      0.68        29
          26       0.60      0.87      0.71        30
          27       0.37      0.87      0.51        30
          28       0.52      0.97      0.67        30
          29       0.48      0.94      0.64        31
          30       0.50      0.87      0.63        30
          31       0.91      0.11      0.20       847

    accuracy                           0.50      1694
   macro avg       0.48      0.86      0.59      1694
weighted avg       0.71      0.50      0.42      1694

	matchcboxnet--val_loss=3.269-epoch=97.model
	snr: 0 - seed: 4
              precision    recall  f1-score   support

           0       0.44      0.93      0.59        29
           1       0.60      0.86      0.70        29
           2       0.39      0.90      0.55        31
           3       0.59      1.00      0.74        30
           4       0.57      0.87      0.68        30
           5       0.47      0.76      0.58        29
           6       0.44      0.90      0.59        29
           7       0.62      0.90      0.73        29
           8       0.54      0.93      0.68        28
           9       0.58      0.90      0.71        31
          10       0.43      0.97      0.60        29
          11       0.49      0.93      0.64        29
          12       0.52      0.93      0.67        29
          13       0.51      0.90      0.65        29
          14       0.39      0.93      0.55        30
          15       0.43      0.83      0.57        30
          16       0.33      0.91      0.49        11
          17       0.22      1.00      0.37        11
          18       0.38      0.71      0.50         7
          19       0.26      0.86      0.40         7
          20       0.16      0.86      0.27         7
          21       0.64      0.90      0.75        30
          22       0.69      1.00      0.82        31
          23       0.63      0.79      0.70        62
          24       0.38      0.87      0.53        30
          25       0.46      0.93      0.61        29
          26       0.58      0.87      0.69        30
          27       0.42      0.83      0.56        30
          28       0.51      0.93      0.66        30
          29       0.44      0.90      0.59        31
          30       0.44      0.93      0.60        30
          31       0.89      0.10      0.18       847

    accuracy                           0.50      1694
   macro avg       0.48      0.87      0.59      1694
weighted avg       0.70      0.50      0.41      1694

	matchcboxnet--val_loss=3.269-epoch=97.model
	snr: 0 - seed: 5
              precision    recall  f1-score   support

           0       0.48      0.93      0.64        29
           1       0.67      0.90      0.76        29
           2       0.37      0.90      0.53        31
           3       0.49      0.90      0.64        30
           4       0.47      0.87      0.61        30
           5       0.47      0.83      0.60        29
           6       0.45      0.97      0.62        29
           7       0.62      0.79      0.70        29
           8       0.50      0.86      0.63        28
           9       0.59      0.94      0.72        31
          10       0.47      0.93      0.62        29
          11       0.52      0.97      0.67        29
          12       0.45      1.00      0.62        29
          13       0.52      0.90      0.66        29
          14       0.40      0.97      0.57        30
          15       0.42      0.93      0.58        30
          16       0.34      1.00      0.51        11
          17       0.37      1.00      0.54        11
          18       0.27      0.57      0.36         7
          19       0.26      0.71      0.38         7
          20       0.16      0.86      0.27         7
          21       0.55      0.97      0.70        30
          22       0.59      0.97      0.73        31
          23       0.72      0.77      0.74        62
          24       0.35      0.83      0.50        30
          25       0.48      0.97      0.64        29
          26       0.61      0.93      0.74        30
          27       0.39      0.87      0.54        30
          28       0.53      0.93      0.67        30
          29       0.54      0.94      0.68        31
          30       0.55      0.93      0.69        30
          31       0.90      0.11      0.19       847

    accuracy                           0.50      1694
   macro avg       0.48      0.87      0.60      1694
weighted avg       0.70      0.50      0.41      1694

	matchcboxnet--val_loss=3.269-epoch=97.model
	snr: 0 - seed: 6
              precision    recall  f1-score   support

           0       0.42      0.83      0.56        29
           1       0.56      0.76      0.65        29
           2       0.42      0.87      0.57        31
           3       0.60      0.97      0.74        30
           4       0.46      0.97      0.62        30
           5       0.43      0.79      0.56        29
           6       0.45      0.86      0.60        29
           7       0.62      0.86      0.72        29
           8       0.57      0.93      0.70        28
           9       0.61      0.87      0.72        31
          10       0.43      0.86      0.57        29
          11       0.48      0.90      0.63        29
          12       0.47      0.93      0.63        29
          13       0.47      0.86      0.61        29
          14       0.41      1.00      0.58        30
          15       0.48      0.83      0.61        30
          16       0.32      1.00      0.49        11
          17       0.32      1.00      0.49        11
          18       0.38      0.86      0.52         7
          19       0.27      0.86      0.41         7
          20       0.15      0.86      0.26         7
          21       0.60      0.97      0.74        30
          22       0.66      1.00      0.79        31
          23       0.62      0.76      0.68        62
          24       0.36      0.83      0.51        30
          25       0.55      0.97      0.70        29
          26       0.49      0.87      0.63        30
          27       0.41      0.87      0.56        30
          28       0.45      0.87      0.59        30
          29       0.48      0.97      0.65        31
          30       0.46      0.93      0.62        30
          31       0.87      0.11      0.19       847

    accuracy                           0.50      1694
   macro avg       0.48      0.87      0.59      1694
weighted avg       0.68      0.50      0.41      1694

	matchcboxnet--val_loss=3.269-epoch=97.model
	snr: 0 - seed: 7
              precision    recall  f1-score   support

           0       0.51      0.93      0.66        29
           1       0.58      0.90      0.70        29
           2       0.41      0.90      0.56        31
           3       0.52      0.93      0.67        30
           4       0.47      0.93      0.62        30
           5       0.49      0.86      0.62        29
           6       0.57      0.90      0.69        29
           7       0.63      0.90      0.74        29
           8       0.52      0.86      0.65        28
           9       0.58      0.94      0.72        31
          10       0.46      1.00      0.63        29
          11       0.55      0.93      0.69        29
          12       0.44      0.97      0.60        29
          13       0.50      0.83      0.62        29
          14       0.36      0.97      0.52        30
          15       0.45      0.87      0.59        30
          16       0.31      1.00      0.47        11
          17       0.23      1.00      0.37        11
          18       0.33      0.57      0.42         7
          19       0.33      0.86      0.48         7
          20       0.13      0.71      0.22         7
          21       0.56      0.93      0.70        30
          22       0.62      1.00      0.77        31
          23       0.63      0.74      0.68        62
          24       0.37      0.83      0.52        30
          25       0.56      0.97      0.71        29
          26       0.56      0.80      0.66        30
          27       0.36      0.90      0.52        30
          28       0.58      0.93      0.72        30
          29       0.55      0.94      0.69        31
          30       0.47      0.87      0.61        30
          31       0.85      0.10      0.18       847

    accuracy                           0.50      1694
   macro avg       0.48      0.87      0.59      1694
weighted avg       0.68      0.50      0.41      1694

	matchcboxnet--val_loss=3.269-epoch=97.model
	snr: 0 - seed: 8
              precision    recall  f1-score   support

           0       0.53      0.97      0.68        29
           1       0.57      0.90      0.69        29
           2       0.41      0.87      0.56        31
           3       0.51      0.87      0.64        30
           4       0.47      0.93      0.62        30
           5       0.51      0.83      0.63        29
           6       0.51      0.93      0.66        29
           7       0.63      0.93      0.75        29
           8       0.56      0.89      0.68        28
           9       0.53      1.00      0.69        31
          10       0.46      0.90      0.60        29
          11       0.46      0.93      0.61        29
          12       0.48      0.97      0.64        29
          13       0.45      0.90      0.60        29
          14       0.38      1.00      0.56        30
          15       0.45      0.83      0.58        30
          16       0.28      1.00      0.44        11
          17       0.28      1.00      0.44        11
          18       0.26      0.86      0.40         7
          19       0.46      0.86      0.60         7
          20       0.13      0.86      0.23         7
          21       0.67      0.97      0.79        30
          22       0.64      0.97      0.77        31
          23       0.66      0.76      0.71        62
          24       0.38      0.90      0.53        30
          25       0.50      1.00      0.67        29
          26       0.50      0.83      0.62        30
          27       0.48      0.83      0.61        30
          28       0.60      0.87      0.71        30
          29       0.44      0.90      0.59        31
          30       0.45      0.87      0.59        30
          31       0.89      0.09      0.17       847

    accuracy                           0.50      1694
   macro avg       0.48      0.88      0.60      1694
weighted avg       0.69      0.50      0.40      1694

	matchcboxnet--val_loss=3.269-epoch=97.model
	snr: 0 - seed: 9
              precision    recall  f1-score   support

           0       0.47      0.90      0.62        29
           1       0.55      0.90      0.68        29
           2       0.39      0.87      0.53        31
           3       0.49      0.97      0.65        30
           4       0.44      0.90      0.59        30
           5       0.53      0.83      0.65        29
           6       0.55      0.83      0.66        29
           7       0.59      0.90      0.71        29
           8       0.68      0.89      0.77        28
           9       0.48      0.97      0.65        31
          10       0.39      0.90      0.54        29
          11       0.49      0.93      0.64        29
          12       0.41      0.97      0.58        29
          13       0.50      0.79      0.61        29
          14       0.36      0.87      0.50        30
          15       0.51      0.87      0.64        30
          16       0.37      1.00      0.54        11
          17       0.30      1.00      0.46        11
          18       0.19      0.57      0.29         7
          19       0.26      0.71      0.38         7
          20       0.15      0.86      0.26         7
          21       0.52      0.83      0.64        30
          22       0.65      1.00      0.78        31
          23       0.72      0.79      0.75        62
          24       0.32      0.67      0.43        30
          25       0.52      1.00      0.68        29
          26       0.62      0.83      0.71        30
          27       0.41      0.93      0.57        30
          28       0.54      0.90      0.68        30
          29       0.43      0.94      0.59        31
          30       0.47      0.90      0.62        30
          31       0.89      0.10      0.18       847

    accuracy                           0.49      1694
   macro avg       0.47      0.85      0.58      1694
weighted avg       0.69      0.49      0.40      1694

