	matchcboxnet--val_loss=3.269-epoch=97.model
	snr: -5 - seed: 0
              precision    recall  f1-score   support

           0       0.51      0.86      0.64        29
           1       0.52      0.76      0.62        29
           2       0.42      0.84      0.56        31
           3       0.50      0.93      0.65        30
           4       0.55      0.90      0.68        30
           5       0.43      0.79      0.55        29
           6       0.43      0.83      0.56        29
           7       0.60      0.86      0.70        29
           8       0.55      0.93      0.69        28
           9       0.50      0.71      0.59        31
          10       0.52      0.97      0.67        29
          11       0.60      0.97      0.74        29
          12       0.45      0.83      0.59        29
          13       0.48      0.86      0.62        29
          14       0.33      0.93      0.49        30
          15       0.44      0.83      0.57        30
          16       0.32      0.82      0.46        11
          17       0.25      1.00      0.40        11
          18       0.27      0.86      0.41         7
          19       0.17      0.71      0.27         7
          20       0.12      0.71      0.21         7
          21       0.49      0.93      0.64        30
          22       0.59      0.94      0.72        31
          23       0.65      0.73      0.69        62
          24       0.36      0.90      0.52        30
          25       0.54      0.90      0.68        29
          26       0.68      0.90      0.77        30
          27       0.40      0.87      0.55        30
          28       0.49      0.87      0.63        30
          29       0.42      0.77      0.55        31
          30       0.49      0.97      0.65        30
          31       0.88      0.12      0.20       847

    accuracy                           0.49      1694
   macro avg       0.47      0.84      0.57      1694
weighted avg       0.69      0.49      0.41      1694

	matchcboxnet--val_loss=3.269-epoch=97.model
	snr: -5 - seed: 1
              precision    recall  f1-score   support

           0       0.41      0.83      0.55        29
           1       0.57      0.83      0.68        29
           2       0.39      0.87      0.54        31
           3       0.49      0.87      0.63        30
           4       0.50      0.87      0.63        30
           5       0.43      0.76      0.55        29
           6       0.57      0.90      0.69        29
           7       0.50      0.76      0.60        29
           8       0.42      0.75      0.54        28
           9       0.56      0.81      0.66        31
          10       0.38      0.93      0.54        29
          11       0.55      0.83      0.66        29
          12       0.45      0.97      0.62        29
          13       0.49      0.79      0.61        29
          14       0.35      1.00      0.52        30
          15       0.46      0.73      0.56        30
          16       0.34      0.91      0.50        11
          17       0.25      1.00      0.40        11
          18       0.17      0.57      0.27         7
          19       0.19      0.71      0.30         7
          20       0.09      0.57      0.16         7
          21       0.49      0.87      0.63        30
          22       0.56      0.90      0.69        31
          23       0.64      0.68      0.66        62
          24       0.38      0.87      0.53        30
          25       0.50      0.93      0.65        29
          26       0.71      0.90      0.79        30
          27       0.36      0.80      0.49        30
          28       0.53      0.83      0.65        30
          29       0.46      0.81      0.59        31
          30       0.44      0.90      0.59        30
          31       0.88      0.11      0.19       847

    accuracy                           0.47      1694
   macro avg       0.45      0.81      0.55      1694
weighted avg       0.68      0.47      0.39      1694

	matchcboxnet--val_loss=3.269-epoch=97.model
	snr: -5 - seed: 2
              precision    recall  f1-score   support

           0       0.50      0.86      0.63        29
           1       0.52      0.79      0.63        29
           2       0.41      0.90      0.57        31
           3       0.50      0.93      0.65        30
           4       0.48      0.90      0.63        30
           5       0.49      0.83      0.62        29
           6       0.50      0.83      0.62        29
           7       0.47      0.72      0.57        29
           8       0.52      0.93      0.67        28
           9       0.53      0.87      0.66        31
          10       0.37      0.93      0.53        29
          11       0.53      0.90      0.67        29
          12       0.50      0.93      0.65        29
          13       0.45      0.86      0.59        29
          14       0.30      0.80      0.44        30
          15       0.40      0.77      0.52        30
          16       0.26      0.73      0.38        11
          17       0.24      0.82      0.37        11
          18       0.24      0.71      0.36         7
          19       0.17      0.57      0.27         7
          20       0.16      0.86      0.27         7
          21       0.52      0.83      0.64        30
          22       0.74      0.94      0.83        31
          23       0.67      0.68      0.67        62
          24       0.31      0.73      0.44        30
          25       0.50      1.00      0.67        29
          26       0.64      0.90      0.75        30
          27       0.34      0.77      0.47        30
          28       0.59      0.80      0.68        30
          29       0.47      0.87      0.61        31
          30       0.44      0.90      0.59        30
          31       0.88      0.11      0.20       847

    accuracy                           0.48      1694
   macro avg       0.46      0.81      0.56      1694
weighted avg       0.68      0.48      0.40      1694

	matchcboxnet--val_loss=3.269-epoch=97.model
	snr: -5 - seed: 3
              precision    recall  f1-score   support

           0       0.42      0.86      0.57        29
           1       0.56      0.79      0.66        29
           2       0.39      0.84      0.54        31
           3       0.69      0.97      0.81        30
           4       0.51      0.90      0.65        30
           5       0.40      0.79      0.53        29
           6       0.47      0.90      0.62        29
           7       0.56      0.76      0.65        29
           8       0.51      0.82      0.63        28
           9       0.48      0.77      0.59        31
          10       0.42      0.97      0.59        29
          11       0.57      0.90      0.69        29
          12       0.53      0.93      0.67        29
          13       0.46      0.90      0.60        29
          14       0.32      0.93      0.47        30
          15       0.43      0.77      0.55        30
          16       0.28      1.00      0.44        11
          17       0.29      0.91      0.43        11
          18       0.29      0.71      0.42         7
          19       0.18      0.71      0.29         7
          20       0.16      0.86      0.27         7
          21       0.52      0.87      0.65        30
          22       0.59      0.94      0.72        31
          23       0.62      0.69      0.66        62
          24       0.39      0.83      0.53        30
          25       0.49      0.90      0.63        29
          26       0.55      0.87      0.68        30
          27       0.42      0.80      0.55        30
          28       0.49      0.83      0.62        30
          29       0.47      0.87      0.61        31
          30       0.43      0.87      0.57        30
          31       0.90      0.12      0.21       847

    accuracy                           0.48      1694
   macro avg       0.46      0.83      0.57      1694
weighted avg       0.69      0.48      0.41      1694

	matchcboxnet--val_loss=3.269-epoch=97.model
	snr: -5 - seed: 4
              precision    recall  f1-score   support

           0       0.43      0.90      0.58        29
           1       0.55      0.83      0.66        29
           2       0.43      0.84      0.57        31
           3       0.51      0.90      0.65        30
           4       0.52      0.83      0.64        30
           5       0.45      0.86      0.59        29
           6       0.52      0.90      0.66        29
           7       0.53      0.69      0.60        29
           8       0.49      0.86      0.62        28
           9       0.51      0.81      0.62        31
          10       0.50      0.97      0.66        29
          11       0.50      0.86      0.63        29
          12       0.42      0.86      0.57        29
          13       0.51      0.83      0.63        29
          14       0.35      0.97      0.52        30
          15       0.41      0.77      0.53        30
          16       0.29      0.82      0.43        11
          17       0.21      0.91      0.34        11
          18       0.26      0.71      0.38         7
          19       0.21      0.71      0.32         7
          20       0.10      0.71      0.17         7
          21       0.58      0.93      0.72        30
          22       0.65      0.90      0.76        31
          23       0.60      0.71      0.65        62
          24       0.35      0.77      0.48        30
          25       0.51      0.93      0.66        29
          26       0.56      0.83      0.67        30
          27       0.44      0.80      0.56        30
          28       0.47      0.87      0.61        30
          29       0.39      0.77      0.52        31
          30       0.45      0.87      0.59        30
          31       0.86      0.11      0.19       847

    accuracy                           0.47      1694
   macro avg       0.45      0.81      0.56      1694
weighted avg       0.67      0.47      0.39      1694

	matchcboxnet--val_loss=3.269-epoch=97.model
	snr: -5 - seed: 5
              precision    recall  f1-score   support

           0       0.53      0.86      0.66        29
           1       0.52      0.86      0.65        29
           2       0.40      0.87      0.55        31
           3       0.62      0.97      0.75        30
           4       0.51      0.90      0.65        30
           5       0.43      0.69      0.53        29
           6       0.49      0.90      0.63        29
           7       0.68      0.93      0.78        29
           8       0.52      0.82      0.64        28
           9       0.39      0.74      0.51        31
          10       0.37      0.93      0.53        29
          11       0.48      0.90      0.63        29
          12       0.42      0.93      0.58        29
          13       0.51      0.86      0.64        29
          14       0.34      0.93      0.50        30
          15       0.42      0.73      0.53        30
          16       0.27      0.73      0.39        11
          17       0.20      0.91      0.33        11
          18       0.31      0.71      0.43         7
          19       0.22      0.71      0.33         7
          20       0.15      0.86      0.25         7
          21       0.56      0.80      0.66        30
          22       0.65      0.97      0.78        31
          23       0.72      0.82      0.77        62
          24       0.30      0.63      0.40        30
          25       0.51      0.90      0.65        29
          26       0.64      0.83      0.72        30
          27       0.45      0.83      0.58        30
          28       0.55      0.97      0.70        30
          29       0.42      0.90      0.58        31
          30       0.43      0.87      0.58        30
          31       0.87      0.11      0.19       847

    accuracy                           0.48      1694
   macro avg       0.46      0.82      0.57      1694
weighted avg       0.68      0.48      0.40      1694

	matchcboxnet--val_loss=3.269-epoch=97.model
	snr: -5 - seed: 6
              precision    recall  f1-score   support

           0       0.43      0.90      0.58        29
           1       0.61      0.79      0.69        29
           2       0.36      0.81      0.50        31
           3       0.56      0.93      0.70        30
           4       0.44      0.80      0.57        30
           5       0.44      0.79      0.57        29
           6       0.50      0.90      0.64        29
           7       0.51      0.79      0.62        29
           8       0.47      0.86      0.61        28
           9       0.52      0.90      0.66        31
          10       0.45      0.93      0.61        29
          11       0.56      0.83      0.67        29
          12       0.42      0.93      0.58        29
          13       0.45      0.86      0.60        29
          14       0.31      0.87      0.46        30
          15       0.39      0.73      0.51        30
          16       0.31      0.91      0.47        11
          17       0.18      0.73      0.29        11
          18       0.33      0.86      0.48         7
          19       0.23      0.71      0.34         7
          20       0.15      0.86      0.25         7
          21       0.56      0.83      0.67        30
          22       0.63      0.94      0.75        31
          23       0.62      0.73      0.67        62
          24       0.38      0.80      0.51        30
          25       0.53      0.93      0.67        29
          26       0.54      0.83      0.66        30
          27       0.40      0.77      0.52        30
          28       0.60      0.80      0.69        30
          29       0.44      0.77      0.56        31
          30       0.41      0.87      0.55        30
          31       0.79      0.10      0.18       847

    accuracy                           0.47      1694
   macro avg       0.45      0.81      0.56      1694
weighted avg       0.63      0.47      0.39      1694

	matchcboxnet--val_loss=3.269-epoch=97.model
	snr: -5 - seed: 7
              precision    recall  f1-score   support

           0       0.44      0.76      0.56        29
           1       0.59      0.79      0.68        29
           2       0.39      0.81      0.53        31
           3       0.55      0.97      0.70        30
           4       0.45      0.87      0.59        30
           5       0.39      0.83      0.53        29
           6       0.44      0.83      0.58        29
           7       0.53      0.83      0.65        29
           8       0.53      0.89      0.67        28
           9       0.50      0.84      0.63        31
          10       0.47      0.83      0.60        29
          11       0.47      0.93      0.62        29
          12       0.50      0.97      0.66        29
          13       0.50      0.76      0.60        29
          14       0.34      0.83      0.48        30
          15       0.44      0.87      0.58        30
          16       0.34      1.00      0.51        11
          17       0.28      0.91      0.43        11
          18       0.22      0.86      0.35         7
          19       0.22      0.71      0.33         7
          20       0.15      0.86      0.26         7
          21       0.49      0.87      0.63        30
          22       0.62      0.94      0.74        31
          23       0.66      0.73      0.69        62
          24       0.32      0.77      0.46        30
          25       0.49      0.90      0.63        29
          26       0.62      0.83      0.71        30
          27       0.40      0.80      0.53        30
          28       0.53      0.87      0.66        30
          29       0.40      0.81      0.54        31
          30       0.41      0.83      0.55        30
          31       0.88      0.11      0.20       847

    accuracy                           0.48      1694
   macro avg       0.46      0.82      0.56      1694
weighted avg       0.68      0.48      0.40      1694

	matchcboxnet--val_loss=3.269-epoch=97.model
	snr: -5 - seed: 8
              precision    recall  f1-score   support

           0       0.47      0.86      0.61        29
           1       0.56      0.76      0.65        29
           2       0.40      0.84      0.54        31
           3       0.52      0.87      0.65        30
           4       0.53      0.93      0.67        30
           5       0.44      0.86      0.58        29
           6       0.47      0.90      0.62        29
           7       0.57      0.90      0.69        29
           8       0.45      0.82      0.58        28
           9       0.56      0.77      0.65        31
          10       0.47      0.93      0.62        29
          11       0.59      0.90      0.71        29
          12       0.46      0.90      0.60        29
          13       0.53      0.86      0.66        29
          14       0.33      0.93      0.48        30
          15       0.40      0.80      0.53        30
          16       0.23      0.91      0.37        11
          17       0.26      0.91      0.41        11
          18       0.23      0.71      0.34         7
          19       0.23      0.71      0.34         7
          20       0.14      0.86      0.24         7
          21       0.54      0.87      0.67        30
          22       0.62      0.94      0.74        31
          23       0.74      0.73      0.73        62
          24       0.37      0.87      0.51        30
          25       0.52      0.93      0.67        29
          26       0.58      0.87      0.69        30
          27       0.34      0.73      0.46        30
          28       0.53      0.80      0.64        30
          29       0.43      0.87      0.57        31
          30       0.39      0.87      0.54        30
          31       0.92      0.11      0.19       847

    accuracy                           0.48      1694
   macro avg       0.46      0.83      0.56      1694
weighted avg       0.70      0.48      0.40      1694

	matchcboxnet--val_loss=3.269-epoch=97.model
	snr: -5 - seed: 9
              precision    recall  f1-score   support

           0       0.46      0.90      0.60        29
           1       0.52      0.90      0.66        29
           2       0.37      0.81      0.51        31
           3       0.52      0.87      0.65        30
           4       0.56      0.93      0.70        30
           5       0.47      0.83      0.60        29
           6       0.47      0.90      0.62        29
           7       0.57      0.83      0.68        29
           8       0.42      0.71      0.53        28
           9       0.46      0.77      0.58        31
          10       0.47      0.86      0.61        29
          11       0.49      0.90      0.63        29
          12       0.47      0.93      0.63        29
          13       0.50      0.83      0.62        29
          14       0.35      0.97      0.51        30
          15       0.40      0.83      0.54        30
          16       0.30      0.82      0.44        11
          17       0.24      0.91      0.38        11
          18       0.18      0.57      0.28         7
          19       0.20      0.71      0.31         7
          20       0.10      0.71      0.18         7
          21       0.56      0.80      0.66        30
          22       0.61      0.97      0.75        31
          23       0.60      0.68      0.64        62
          24       0.36      0.67      0.47        30
          25       0.57      1.00      0.72        29
          26       0.62      0.87      0.72        30
          27       0.41      0.87      0.56        30
          28       0.49      0.80      0.61        30
          29       0.43      0.81      0.56        31
          30       0.48      0.80      0.60        30
          31       0.82      0.11      0.20       847

    accuracy                           0.47      1694
   macro avg       0.45      0.81      0.55      1694
weighted avg       0.65      0.47      0.40      1694

