	matchcboxnet--val_loss=3.269-epoch=97.model
	snr: 5 - seed: 0
              precision    recall  f1-score   support

           0       0.48      0.90      0.63        29
           1       0.61      0.97      0.75        29
           2       0.42      0.94      0.58        31
           3       0.52      0.97      0.67        30
           4       0.49      0.90      0.64        30
           5       0.47      0.93      0.62        29
           6       0.48      0.90      0.63        29
           7       0.52      0.97      0.67        29
           8       0.52      0.93      0.67        28
           9       0.60      0.94      0.73        31
          10       0.48      0.97      0.64        29
          11       0.49      0.86      0.62        29
          12       0.51      1.00      0.67        29
          13       0.44      0.86      0.58        29
          14       0.41      0.93      0.57        30
          15       0.51      0.90      0.65        30
          16       0.31      1.00      0.48        11
          17       0.27      1.00      0.42        11
          18       0.60      0.86      0.71         7
          19       0.33      0.71      0.45         7
          20       0.12      0.71      0.20         7
          21       0.55      0.97      0.70        30
          22       0.64      0.97      0.77        31
          23       0.60      0.81      0.69        62
          24       0.38      0.90      0.53        30
          25       0.53      0.97      0.68        29
          26       0.64      0.93      0.76        30
          27       0.42      0.87      0.57        30
          28       0.61      0.90      0.73        30
          29       0.48      0.94      0.64        31
          30       0.51      1.00      0.67        30
          31       0.93      0.10      0.17       847

    accuracy                           0.51      1694
   macro avg       0.50      0.89      0.61      1694
weighted avg       0.72      0.51      0.41      1694

	matchcboxnet--val_loss=3.269-epoch=97.model
	snr: 5 - seed: 1
              precision    recall  f1-score   support

           0       0.54      1.00      0.70        29
           1       0.55      0.93      0.69        29
           2       0.37      0.81      0.51        31
           3       0.51      0.97      0.67        30
           4       0.47      0.90      0.61        30
           5       0.57      0.90      0.69        29
           6       0.40      0.93      0.56        29
           7       0.59      0.90      0.71        29
           8       0.59      0.96      0.73        28
           9       0.53      0.94      0.67        31
          10       0.44      0.97      0.60        29
          11       0.52      0.93      0.67        29
          12       0.46      0.93      0.61        29
          13       0.49      0.86      0.62        29
          14       0.36      0.90      0.52        30
          15       0.48      0.90      0.63        30
          16       0.29      0.91      0.43        11
          17       0.31      1.00      0.48        11
          18       0.45      0.71      0.56         7
          19       0.46      0.86      0.60         7
          20       0.14      0.71      0.23         7
          21       0.51      0.90      0.65        30
          22       0.64      0.94      0.76        31
          23       0.65      0.77      0.71        62
          24       0.37      0.87      0.52        30
          25       0.50      0.97      0.66        29
          26       0.61      0.90      0.73        30
          27       0.41      0.97      0.58        30
          28       0.64      1.00      0.78        30
          29       0.55      0.94      0.69        31
          30       0.48      0.90      0.63        30
          31       0.87      0.10      0.18       847

    accuracy                           0.50      1694
   macro avg       0.49      0.88      0.61      1694
weighted avg       0.69      0.50      0.41      1694

	matchcboxnet--val_loss=3.269-epoch=97.model
	snr: 5 - seed: 2
              precision    recall  f1-score   support

           0       0.56      1.00      0.72        29
           1       0.65      0.97      0.78        29
           2       0.39      0.90      0.55        31
           3       0.55      1.00      0.71        30
           4       0.55      0.87      0.68        30
           5       0.51      0.90      0.65        29
           6       0.46      0.90      0.60        29
           7       0.54      0.86      0.67        29
           8       0.52      0.89      0.66        28
           9       0.58      0.84      0.68        31
          10       0.46      0.97      0.62        29
          11       0.61      0.93      0.74        29
          12       0.48      0.97      0.64        29
          13       0.45      0.86      0.60        29
          14       0.33      0.90      0.48        30
          15       0.47      0.93      0.63        30
          16       0.31      1.00      0.48        11
          17       0.42      1.00      0.59        11
          18       0.46      0.86      0.60         7
          19       0.55      0.86      0.67         7
          20       0.15      0.86      0.25         7
          21       0.50      0.87      0.63        30
          22       0.55      1.00      0.71        31
          23       0.61      0.79      0.69        62
          24       0.37      0.83      0.52        30
          25       0.51      0.93      0.66        29
          26       0.57      0.93      0.71        30
          27       0.43      0.87      0.57        30
          28       0.56      0.97      0.71        30
          29       0.47      0.90      0.62        31
          30       0.44      0.90      0.59        30
          31       0.82      0.10      0.18       847

    accuracy                           0.50      1694
   macro avg       0.50      0.89      0.61      1694
weighted avg       0.66      0.50      0.41      1694

	matchcboxnet--val_loss=3.269-epoch=97.model
	snr: 5 - seed: 3
              precision    recall  f1-score   support

           0       0.57      1.00      0.72        29
           1       0.62      1.00      0.76        29
           2       0.38      0.90      0.53        31
           3       0.52      0.97      0.67        30
           4       0.46      0.90      0.61        30
           5       0.42      0.79      0.55        29
           6       0.54      0.93      0.68        29
           7       0.52      0.83      0.64        29
           8       0.60      0.89      0.71        28
           9       0.58      0.97      0.72        31
          10       0.43      1.00      0.60        29
          11       0.51      1.00      0.67        29
          12       0.54      0.97      0.69        29
          13       0.61      0.97      0.75        29
          14       0.38      0.90      0.53        30
          15       0.48      0.90      0.63        30
          16       0.33      1.00      0.50        11
          17       0.33      1.00      0.50        11
          18       0.28      0.71      0.40         7
          19       0.29      0.86      0.43         7
          20       0.15      0.71      0.25         7
          21       0.59      0.90      0.71        30
          22       0.68      0.97      0.80        31
          23       0.64      0.77      0.70        62
          24       0.37      0.97      0.54        30
          25       0.45      0.97      0.62        29
          26       0.60      0.87      0.71        30
          27       0.46      0.97      0.62        30
          28       0.54      0.90      0.68        30
          29       0.55      0.94      0.69        31
          30       0.47      0.93      0.63        30
          31       0.93      0.11      0.20       847

    accuracy                           0.51      1694
   macro avg       0.49      0.89      0.61      1694
weighted avg       0.72      0.51      0.42      1694

	matchcboxnet--val_loss=3.269-epoch=97.model
	snr: 5 - seed: 4
              precision    recall  f1-score   support

           0       0.47      0.97      0.64        29
           1       0.63      0.93      0.75        29
           2       0.40      0.87      0.55        31
           3       0.55      1.00      0.71        30
           4       0.52      0.93      0.67        30
           5       0.56      0.86      0.68        29
           6       0.48      0.90      0.63        29
           7       0.54      0.86      0.67        29
           8       0.45      0.79      0.57        28
           9       0.58      0.94      0.72        31
          10       0.47      0.86      0.61        29
          11       0.47      0.93      0.62        29
          12       0.45      0.93      0.61        29
          13       0.46      0.97      0.62        29
          14       0.38      1.00      0.56        30
          15       0.47      0.87      0.61        30
          16       0.28      1.00      0.44        11
          17       0.26      1.00      0.41        11
          18       0.35      0.86      0.50         7
          19       0.33      0.86      0.48         7
          20       0.15      0.71      0.25         7
          21       0.51      0.90      0.65        30
          22       0.56      0.97      0.71        31
          23       0.70      0.81      0.75        62
          24       0.43      0.87      0.58        30
          25       0.55      1.00      0.71        29
          26       0.59      0.90      0.71        30
          27       0.45      0.97      0.61        30
          28       0.58      0.97      0.72        30
          29       0.49      0.87      0.63        31
          30       0.49      0.97      0.65        30
          31       0.90      0.10      0.17       847

    accuracy                           0.50      1694
   macro avg       0.48      0.89      0.60      1694
weighted avg       0.70      0.50      0.41      1694

	matchcboxnet--val_loss=3.269-epoch=97.model
	snr: 5 - seed: 5
              precision    recall  f1-score   support

           0       0.47      1.00      0.64        29
           1       0.57      0.90      0.69        29
           2       0.40      0.87      0.55        31
           3       0.53      0.97      0.68        30
           4       0.48      1.00      0.65        30
           5       0.44      0.79      0.57        29
           6       0.62      0.90      0.73        29
           7       0.56      0.93      0.70        29
           8       0.49      0.89      0.63        28
           9       0.60      0.94      0.73        31
          10       0.46      0.97      0.62        29
          11       0.57      0.97      0.72        29
          12       0.49      0.97      0.65        29
          13       0.45      0.93      0.61        29
          14       0.38      0.97      0.55        30
          15       0.59      0.97      0.73        30
          16       0.29      1.00      0.45        11
          17       0.32      1.00      0.49        11
          18       0.46      0.86      0.60         7
          19       0.40      0.86      0.55         7
          20       0.13      0.86      0.22         7
          21       0.53      0.93      0.67        30
          22       0.66      0.94      0.77        31
          23       0.64      0.82      0.72        62
          24       0.40      0.90      0.55        30
          25       0.46      0.97      0.62        29
          26       0.63      0.90      0.74        30
          27       0.41      0.93      0.57        30
          28       0.55      0.97      0.70        30
          29       0.51      0.94      0.66        31
          30       0.53      0.90      0.67        30
          31       0.87      0.09      0.15       847

    accuracy                           0.50      1694
   macro avg       0.50      0.90      0.61      1694
weighted avg       0.69      0.50      0.40      1694

	matchcboxnet--val_loss=3.269-epoch=97.model
	snr: 5 - seed: 6
              precision    recall  f1-score   support

           0       0.52      0.90      0.66        29
           1       0.60      0.90      0.72        29
           2       0.40      0.94      0.56        31
           3       0.57      0.97      0.72        30
           4       0.56      0.93      0.70        30
           5       0.42      0.93      0.57        29
           6       0.49      0.93      0.64        29
           7       0.52      0.93      0.67        29
           8       0.62      0.89      0.74        28
           9       0.66      0.94      0.77        31
          10       0.45      0.90      0.60        29
          11       0.56      0.93      0.70        29
          12       0.43      0.86      0.57        29
          13       0.54      0.93      0.68        29
          14       0.44      0.93      0.60        30
          15       0.44      0.90      0.59        30
          16       0.22      1.00      0.35        11
          17       0.32      1.00      0.49        11
          18       0.38      0.71      0.50         7
          19       0.43      0.86      0.57         7
          20       0.15      0.86      0.26         7
          21       0.56      0.93      0.70        30
          22       0.64      0.94      0.76        31
          23       0.70      0.87      0.78        62
          24       0.41      0.93      0.57        30
          25       0.44      0.97      0.61        29
          26       0.67      0.93      0.78        30
          27       0.39      0.90      0.54        30
          28       0.57      0.93      0.71        30
          29       0.46      0.90      0.61        31
          30       0.57      0.97      0.72        30
          31       0.90      0.11      0.20       847

    accuracy                           0.52      1694
   macro avg       0.50      0.89      0.61      1694
weighted avg       0.71      0.52      0.43      1694

	matchcboxnet--val_loss=3.269-epoch=97.model
	snr: 5 - seed: 7
              precision    recall  f1-score   support

           0       0.47      0.93      0.63        29
           1       0.54      0.97      0.69        29
           2       0.40      0.81      0.53        31
           3       0.54      1.00      0.70        30
           4       0.47      0.90      0.62        30
           5       0.51      0.86      0.64        29
           6       0.49      0.90      0.63        29
           7       0.49      0.93      0.64        29
           8       0.52      0.96      0.67        28
           9       0.68      0.87      0.76        31
          10       0.42      0.93      0.57        29
          11       0.53      0.97      0.68        29
          12       0.53      1.00      0.69        29
          13       0.43      0.90      0.58        29
          14       0.39      0.93      0.55        30
          15       0.57      0.87      0.68        30
          16       0.27      0.91      0.42        11
          17       0.24      0.91      0.38        11
          18       0.28      0.71      0.40         7
          19       0.38      0.71      0.50         7
          20       0.11      0.71      0.19         7
          21       0.61      0.93      0.74        30
          22       0.63      1.00      0.78        31
          23       0.66      0.71      0.68        62
          24       0.44      0.93      0.60        30
          25       0.52      1.00      0.68        29
          26       0.64      0.97      0.77        30
          27       0.44      0.93      0.60        30
          28       0.57      0.90      0.70        30
          29       0.46      0.87      0.60        31
          30       0.46      0.93      0.62        30
          31       0.87      0.10      0.18       847

    accuracy                           0.50      1694
   macro avg       0.49      0.87      0.60      1694
weighted avg       0.69      0.50      0.41      1694

	matchcboxnet--val_loss=3.269-epoch=97.model
	snr: 5 - seed: 8
              precision    recall  f1-score   support

           0       0.44      0.97      0.61        29
           1       0.68      0.97      0.80        29
           2       0.41      0.90      0.57        31
           3       0.51      0.97      0.67        30
           4       0.50      0.93      0.65        30
           5       0.50      0.83      0.62        29
           6       0.45      0.90      0.60        29
           7       0.57      0.90      0.69        29
           8       0.48      0.86      0.62        28
           9       0.62      0.94      0.74        31
          10       0.50      1.00      0.67        29
          11       0.57      0.86      0.68        29
          12       0.48      0.93      0.64        29
          13       0.47      0.86      0.61        29
          14       0.38      1.00      0.56        30
          15       0.60      0.93      0.73        30
          16       0.26      1.00      0.41        11
          17       0.30      1.00      0.46        11
          18       0.45      0.71      0.56         7
          19       0.33      0.86      0.48         7
          20       0.14      0.86      0.24         7
          21       0.59      0.90      0.71        30
          22       0.61      0.97      0.75        31
          23       0.64      0.89      0.74        62
          24       0.41      0.97      0.57        30
          25       0.46      0.86      0.60        29
          26       0.67      0.93      0.78        30
          27       0.46      0.93      0.62        30
          28       0.49      0.97      0.65        30
          29       0.49      0.90      0.64        31
          30       0.51      0.87      0.64        30
          31       0.89      0.10      0.18       847

    accuracy                           0.51      1694
   macro avg       0.50      0.89      0.61      1694
weighted avg       0.70      0.51      0.42      1694

	matchcboxnet--val_loss=3.269-epoch=97.model
	snr: 5 - seed: 9
              precision    recall  f1-score   support

           0       0.46      0.93      0.61        29
           1       0.66      0.93      0.77        29
           2       0.36      0.81      0.50        31
           3       0.54      0.93      0.68        30
           4       0.47      0.93      0.63        30
           5       0.54      0.76      0.63        29
           6       0.48      0.90      0.63        29
           7       0.59      0.93      0.72        29
           8       0.57      0.93      0.70        28
           9       0.48      0.97      0.65        31
          10       0.40      0.97      0.57        29
          11       0.55      0.97      0.70        29
          12       0.47      0.86      0.61        29
          13       0.39      0.90      0.54        29
          14       0.36      0.97      0.53        30
          15       0.57      0.83      0.68        30
          16       0.33      1.00      0.50        11
          17       0.26      0.91      0.40        11
          18       0.31      0.71      0.43         7
          19       0.56      0.71      0.63         7
          20       0.15      0.86      0.26         7
          21       0.60      0.93      0.73        30
          22       0.66      0.94      0.77        31
          23       0.63      0.79      0.70        62
          24       0.43      0.93      0.59        30
          25       0.49      0.90      0.63        29
          26       0.60      0.90      0.72        30
          27       0.34      0.73      0.47        30
          28       0.52      0.87      0.65        30
          29       0.56      0.94      0.70        31
          30       0.45      0.93      0.61        30
          31       0.89      0.11      0.19       847

    accuracy                           0.50      1694
   macro avg       0.49      0.86      0.60      1694
weighted avg       0.70      0.50      0.41      1694

