	matchcboxnet--val_loss=3.269-epoch=97.model
	snr: -10 - seed: 0
              precision    recall  f1-score   support

           0       0.40      0.72      0.51        29
           1       0.50      0.62      0.55        29
           2       0.35      0.77      0.48        31
           3       0.56      0.83      0.67        30
           4       0.43      0.73      0.54        30
           5       0.38      0.66      0.48        29
           6       0.49      0.86      0.62        29
           7       0.48      0.72      0.58        29
           8       0.49      0.71      0.58        28
           9       0.44      0.65      0.53        31
          10       0.34      0.79      0.48        29
          11       0.55      0.83      0.66        29
          12       0.48      0.79      0.60        29
          13       0.41      0.76      0.53        29
          14       0.26      0.77      0.38        30
          15       0.34      0.67      0.45        30
          16       0.21      0.82      0.33        11
          17       0.17      0.82      0.29        11
          18       0.19      0.71      0.30         7
          19       0.13      0.71      0.22         7
          20       0.11      0.71      0.19         7
          21       0.49      0.77      0.60        30
          22       0.60      0.77      0.68        31
          23       0.65      0.66      0.66        62
          24       0.32      0.63      0.42        30
          25       0.42      0.83      0.56        29
          26       0.48      0.70      0.57        30
          27       0.31      0.60      0.41        30
          28       0.48      0.73      0.58        30
          29       0.48      0.71      0.57        31
          30       0.45      0.83      0.59        30
          31       0.81      0.12      0.21       847

    accuracy                           0.43      1694
   macro avg       0.41      0.72      0.49      1694
weighted avg       0.62      0.43      0.38      1694

	matchcboxnet--val_loss=3.269-epoch=97.model
	snr: -10 - seed: 1
              precision    recall  f1-score   support

           0       0.40      0.79      0.53        29
           1       0.66      0.72      0.69        29
           2       0.35      0.77      0.48        31
           3       0.47      0.83      0.60        30
           4       0.42      0.73      0.53        30
           5       0.42      0.76      0.54        29
           6       0.54      0.86      0.67        29
           7       0.44      0.62      0.51        29
           8       0.41      0.79      0.54        28
           9       0.40      0.61      0.48        31
          10       0.42      0.76      0.54        29
          11       0.47      0.86      0.61        29
          12       0.50      0.86      0.63        29
          13       0.45      0.79      0.58        29
          14       0.23      0.73      0.35        30
          15       0.35      0.67      0.46        30
          16       0.23      0.82      0.35        11
          17       0.19      0.82      0.31        11
          18       0.21      0.86      0.33         7
          19       0.11      0.57      0.18         7
          20       0.15      0.71      0.24         7
          21       0.51      0.70      0.59        30
          22       0.55      0.84      0.67        31
          23       0.61      0.61      0.61        62
          24       0.30      0.67      0.42        30
          25       0.51      0.83      0.63        29
          26       0.55      0.77      0.64        30
          27       0.26      0.60      0.37        30
          28       0.51      0.73      0.60        30
          29       0.43      0.71      0.54        31
          30       0.40      0.77      0.53        30
          31       0.80      0.11      0.19       847

    accuracy                           0.43      1694
   macro avg       0.41      0.73      0.50      1694
weighted avg       0.62      0.43      0.37      1694

	matchcboxnet--val_loss=3.269-epoch=97.model
	snr: -10 - seed: 2
              precision    recall  f1-score   support

           0       0.36      0.72      0.48        29
           1       0.50      0.62      0.55        29
           2       0.34      0.77      0.48        31
           3       0.61      0.90      0.73        30
           4       0.33      0.73      0.45        30
           5       0.40      0.72      0.51        29
           6       0.51      0.90      0.65        29
           7       0.53      0.59      0.56        29
           8       0.40      0.71      0.51        28
           9       0.42      0.71      0.53        31
          10       0.38      0.83      0.52        29
          11       0.47      0.83      0.60        29
          12       0.43      0.72      0.54        29
          13       0.41      0.72      0.53        29
          14       0.20      0.63      0.31        30
          15       0.37      0.63      0.46        30
          16       0.19      0.64      0.29        11
          17       0.19      0.82      0.31        11
          18       0.20      0.71      0.31         7
          19       0.15      0.71      0.24         7
          20       0.15      0.86      0.25         7
          21       0.56      0.83      0.67        30
          22       0.68      0.90      0.78        31
          23       0.54      0.58      0.56        62
          24       0.33      0.73      0.46        30
          25       0.53      0.83      0.65        29
          26       0.47      0.70      0.56        30
          27       0.35      0.70      0.47        30
          28       0.54      0.70      0.61        30
          29       0.38      0.68      0.49        31
          30       0.42      0.77      0.54        30
          31       0.79      0.11      0.19       847

    accuracy                           0.42      1694
   macro avg       0.41      0.72      0.49      1694
weighted avg       0.61      0.42      0.36      1694

	matchcboxnet--val_loss=3.269-epoch=97.model
	snr: -10 - seed: 3
              precision    recall  f1-score   support

           0       0.43      0.79      0.55        29
           1       0.41      0.62      0.49        29
           2       0.41      0.87      0.56        31
           3       0.55      0.80      0.65        30
           4       0.43      0.80      0.56        30
           5       0.38      0.69      0.49        29
           6       0.56      0.86      0.68        29
           7       0.56      0.69      0.62        29
           8       0.44      0.86      0.58        28
           9       0.44      0.68      0.53        31
          10       0.34      0.83      0.48        29
          11       0.46      0.83      0.59        29
          12       0.45      0.72      0.55        29
          13       0.38      0.79      0.51        29
          14       0.25      0.80      0.38        30
          15       0.34      0.67      0.45        30
          16       0.22      0.82      0.35        11
          17       0.27      0.91      0.42        11
          18       0.24      0.71      0.36         7
          19       0.14      0.71      0.23         7
          20       0.16      0.86      0.27         7
          21       0.45      0.73      0.56        30
          22       0.62      0.90      0.74        31
          23       0.63      0.68      0.65        62
          24       0.32      0.67      0.43        30
          25       0.47      0.72      0.57        29
          26       0.57      0.77      0.66        30
          27       0.37      0.70      0.48        30
          28       0.40      0.63      0.49        30
          29       0.41      0.68      0.51        31
          30       0.45      0.83      0.59        30
          31       0.78      0.11      0.19       847

    accuracy                           0.43      1694
   macro avg       0.42      0.74      0.51      1694
weighted avg       0.61      0.43      0.37      1694

	matchcboxnet--val_loss=3.269-epoch=97.model
	snr: -10 - seed: 4
              precision    recall  f1-score   support

           0       0.41      0.72      0.53        29
           1       0.48      0.76      0.59        29
           2       0.35      0.77      0.48        31
           3       0.58      0.83      0.68        30
           4       0.42      0.77      0.54        30
           5       0.33      0.66      0.44        29
           6       0.45      0.86      0.60        29
           7       0.40      0.55      0.46        29
           8       0.39      0.75      0.51        28
           9       0.38      0.55      0.45        31
          10       0.34      0.79      0.48        29
          11       0.49      0.83      0.62        29
          12       0.51      0.76      0.61        29
          13       0.46      0.79      0.58        29
          14       0.28      0.80      0.41        30
          15       0.32      0.67      0.43        30
          16       0.27      0.82      0.41        11
          17       0.26      0.91      0.41        11
          18       0.14      0.71      0.24         7
          19       0.14      0.71      0.23         7
          20       0.16      0.86      0.27         7
          21       0.44      0.67      0.53        30
          22       0.55      0.77      0.64        31
          23       0.59      0.61      0.60        62
          24       0.32      0.63      0.43        30
          25       0.49      0.83      0.62        29
          26       0.50      0.73      0.59        30
          27       0.41      0.70      0.52        30
          28       0.42      0.73      0.53        30
          29       0.42      0.71      0.52        31
          30       0.44      0.80      0.56        30
          31       0.79      0.11      0.20       847

    accuracy                           0.42      1694
   macro avg       0.40      0.72      0.49      1694
weighted avg       0.60      0.42      0.36      1694

	matchcboxnet--val_loss=3.269-epoch=97.model
	snr: -10 - seed: 5
              precision    recall  f1-score   support

           0       0.45      0.83      0.59        29
           1       0.54      0.69      0.61        29
           2       0.36      0.84      0.50        31
           3       0.52      0.83      0.64        30
           4       0.43      0.73      0.54        30
           5       0.39      0.62      0.48        29
           6       0.44      0.83      0.58        29
           7       0.59      0.69      0.63        29
           8       0.42      0.71      0.53        28
           9       0.39      0.74      0.51        31
          10       0.42      0.76      0.54        29
          11       0.46      0.86      0.60        29
          12       0.43      0.83      0.56        29
          13       0.47      0.79      0.59        29
          14       0.20      0.73      0.31        30
          15       0.41      0.63      0.50        30
          16       0.24      0.82      0.37        11
          17       0.18      0.82      0.30        11
          18       0.16      0.71      0.26         7
          19       0.18      0.71      0.29         7
          20       0.13      0.86      0.23         7
          21       0.51      0.80      0.62        30
          22       0.63      0.87      0.73        31
          23       0.55      0.58      0.57        62
          24       0.36      0.70      0.48        30
          25       0.51      0.86      0.64        29
          26       0.50      0.77      0.61        30
          27       0.34      0.67      0.45        30
          28       0.51      0.80      0.62        30
          29       0.45      0.74      0.56        31
          30       0.47      0.90      0.62        30
          31       0.85      0.11      0.20       847

    accuracy                           0.43      1694
   macro avg       0.42      0.75      0.51      1694
weighted avg       0.64      0.43      0.37      1694

	matchcboxnet--val_loss=3.269-epoch=97.model
	snr: -10 - seed: 6
              precision    recall  f1-score   support

           0       0.55      0.83      0.66        29
           1       0.42      0.62      0.50        29
           2       0.34      0.77      0.48        31
           3       0.54      0.87      0.67        30
           4       0.50      0.77      0.61        30
           5       0.32      0.69      0.44        29
           6       0.48      0.86      0.62        29
           7       0.40      0.62      0.49        29
           8       0.36      0.75      0.48        28
           9       0.40      0.65      0.49        31
          10       0.37      0.79      0.50        29
          11       0.42      0.76      0.54        29
          12       0.35      0.62      0.45        29
          13       0.43      0.79      0.56        29
          14       0.22      0.63      0.33        30
          15       0.36      0.67      0.47        30
          16       0.23      0.91      0.36        11
          17       0.20      0.82      0.32        11
          18       0.18      0.71      0.29         7
          19       0.14      0.71      0.23         7
          20       0.14      0.86      0.24         7
          21       0.50      0.77      0.61        30
          22       0.67      0.84      0.74        31
          23       0.61      0.65      0.62        62
          24       0.33      0.67      0.44        30
          25       0.57      0.86      0.68        29
          26       0.40      0.70      0.51        30
          27       0.33      0.60      0.43        30
          28       0.50      0.70      0.58        30
          29       0.46      0.77      0.58        31
          30       0.40      0.80      0.53        30
          31       0.76      0.09      0.16       847

    accuracy                           0.41      1694
   macro avg       0.40      0.72      0.49      1694
weighted avg       0.59      0.41      0.35      1694

	matchcboxnet--val_loss=3.269-epoch=97.model
	snr: -10 - seed: 7
              precision    recall  f1-score   support

           0       0.39      0.83      0.53        29
           1       0.59      0.69      0.63        29
           2       0.35      0.77      0.48        31
           3       0.52      0.77      0.62        30
           4       0.36      0.83      0.50        30
           5       0.37      0.66      0.48        29
           6       0.50      0.79      0.61        29
           7       0.58      0.76      0.66        29
           8       0.40      0.82      0.53        28
           9       0.48      0.65      0.55        31
          10       0.36      0.72      0.48        29
          11       0.43      0.90      0.58        29
          12       0.48      0.76      0.59        29
          13       0.47      0.72      0.57        29
          14       0.24      0.80      0.38        30
          15       0.31      0.57      0.40        30
          16       0.21      0.82      0.33        11
          17       0.21      0.73      0.33        11
          18       0.22      0.57      0.32         7
          19       0.14      0.86      0.24         7
          20       0.10      0.57      0.17         7
          21       0.41      0.77      0.53        30
          22       0.59      0.84      0.69        31
          23       0.60      0.60      0.60        62
          24       0.32      0.70      0.44        30
          25       0.51      0.90      0.65        29
          26       0.63      0.73      0.68        30
          27       0.39      0.73      0.51        30
          28       0.43      0.73      0.54        30
          29       0.43      0.77      0.55        31
          30       0.50      0.80      0.62        30
          31       0.82      0.11      0.19       847

    accuracy                           0.43      1694
   macro avg       0.42      0.73      0.50      1694
weighted avg       0.63      0.43      0.37      1694

	matchcboxnet--val_loss=3.269-epoch=97.model
	snr: -10 - seed: 8
              precision    recall  f1-score   support

           0       0.37      0.79      0.51        29
           1       0.49      0.72      0.58        29
           2       0.33      0.81      0.47        31
           3       0.61      0.90      0.73        30
           4       0.43      0.73      0.54        30
           5       0.31      0.62      0.41        29
           6       0.41      0.86      0.56        29
           7       0.53      0.62      0.57        29
           8       0.43      0.75      0.55        28
           9       0.47      0.65      0.54        31
          10       0.34      0.86      0.49        29
          11       0.50      0.79      0.61        29
          12       0.47      0.83      0.60        29
          13       0.40      0.72      0.51        29
          14       0.24      0.67      0.35        30
          15       0.32      0.60      0.41        30
          16       0.24      0.73      0.36        11
          17       0.20      0.91      0.33        11
          18       0.20      0.86      0.32         7
          19       0.15      0.71      0.25         7
          20       0.12      0.71      0.20         7
          21       0.50      0.63      0.56        30
          22       0.64      0.81      0.71        31
          23       0.55      0.61      0.58        62
          24       0.36      0.73      0.48        30
          25       0.50      0.83      0.62        29
          26       0.51      0.73      0.60        30
          27       0.32      0.60      0.41        30
          28       0.50      0.80      0.62        30
          29       0.48      0.77      0.59        31
          30       0.42      0.70      0.53        30
          31       0.80      0.11      0.20       847

    accuracy                           0.42      1694
   macro avg       0.41      0.72      0.49      1694
weighted avg       0.62      0.42      0.37      1694

	matchcboxnet--val_loss=3.269-epoch=97.model
	snr: -10 - seed: 9
              precision    recall  f1-score   support

           0       0.44      0.83      0.57        29
           1       0.56      0.66      0.60        29
           2       0.38      0.77      0.51        31
           3       0.58      0.87      0.69        30
           4       0.38      0.77      0.51        30
           5       0.33      0.69      0.45        29
           6       0.45      0.83      0.59        29
           7       0.46      0.62      0.53        29
           8       0.36      0.71      0.48        28
           9       0.44      0.68      0.53        31
          10       0.39      0.83      0.53        29
          11       0.45      0.83      0.59        29
          12       0.42      0.76      0.54        29
          13       0.38      0.79      0.51        29
          14       0.25      0.70      0.37        30
          15       0.31      0.63      0.42        30
          16       0.29      0.91      0.44        11
          17       0.18      0.73      0.29        11
          18       0.17      0.71      0.28         7
          19       0.16      0.71      0.26         7
          20       0.11      0.71      0.19         7
          21       0.49      0.73      0.59        30
          22       0.60      0.87      0.71        31
          23       0.64      0.63      0.63        62
          24       0.37      0.77      0.50        30
          25       0.51      0.90      0.65        29
          26       0.63      0.73      0.68        30
          27       0.38      0.60      0.46        30
          28       0.40      0.67      0.50        30
          29       0.42      0.74      0.53        31
          30       0.41      0.80      0.55        30
          31       0.79      0.11      0.19       847

    accuracy                           0.43      1694
   macro avg       0.41      0.73      0.50      1694
weighted avg       0.61      0.43      0.36      1694

