	matchcboxnet--val_loss=3.269-epoch=97.model
	snr: 20 - seed: 0
              precision    recall  f1-score   support

           0       0.50      0.97      0.66        29
           1       0.54      0.86      0.67        29
           2       0.39      0.97      0.56        31
           3       0.51      0.97      0.67        30
           4       0.51      0.97      0.67        30
           5       0.58      0.86      0.69        29
           6       0.48      0.93      0.64        29
           7       0.53      0.86      0.66        29
           8       0.48      0.93      0.63        28
           9       0.60      0.90      0.72        31
          10       0.45      0.93      0.61        29
          11       0.57      1.00      0.72        29
          12       0.61      0.93      0.74        29
          13       0.57      0.97      0.72        29
          14       0.37      0.97      0.54        30
          15       0.52      0.90      0.66        30
          16       0.30      1.00      0.46        11
          17       0.41      1.00      0.58        11
          18       0.45      0.71      0.56         7
          19       0.38      0.86      0.52         7
          20       0.18      0.86      0.29         7
          21       0.59      0.97      0.73        30
          22       0.57      1.00      0.73        31
          23       0.64      0.87      0.73        62
          24       0.43      0.93      0.59        30
          25       0.48      1.00      0.64        29
          26       0.59      0.87      0.70        30
          27       0.42      0.93      0.58        30
          28       0.57      1.00      0.72        30
          29       0.52      1.00      0.68        31
          30       0.48      0.97      0.64        30
          31       0.95      0.11      0.20       847

    accuracy                           0.52      1694
   macro avg       0.51      0.91      0.62      1694
weighted avg       0.73      0.52      0.43      1694

	matchcboxnet--val_loss=3.269-epoch=97.model
	snr: 20 - seed: 1
              precision    recall  f1-score   support

           0       0.57      0.93      0.71        29
           1       0.58      0.97      0.73        29
           2       0.40      0.87      0.55        31
           3       0.50      1.00      0.67        30
           4       0.55      0.93      0.69        30
           5       0.58      0.90      0.70        29
           6       0.49      0.90      0.63        29
           7       0.57      0.93      0.71        29
           8       0.60      0.96      0.74        28
           9       0.55      0.94      0.69        31
          10       0.42      0.93      0.58        29
          11       0.48      1.00      0.64        29
          12       0.42      0.97      0.59        29
          13       0.57      0.93      0.71        29
          14       0.39      0.93      0.55        30
          15       0.57      0.97      0.72        30
          16       0.30      1.00      0.46        11
          17       0.32      1.00      0.49        11
          18       0.38      0.71      0.50         7
          19       0.43      0.86      0.57         7
          20       0.14      0.86      0.24         7
          21       0.55      0.93      0.69        30
          22       0.63      1.00      0.78        31
          23       0.62      0.84      0.71        62
          24       0.48      0.97      0.64        30
          25       0.51      1.00      0.67        29
          26       0.61      0.90      0.73        30
          27       0.39      0.93      0.55        30
          28       0.54      0.97      0.69        30
          29       0.48      0.94      0.64        31
          30       0.55      1.00      0.71        30
          31       0.92      0.10      0.18       847

    accuracy                           0.52      1694
   macro avg       0.50      0.91      0.62      1694
weighted avg       0.72      0.52      0.42      1694

	matchcboxnet--val_loss=3.269-epoch=97.model
	snr: 20 - seed: 2
              precision    recall  f1-score   support

           0       0.47      0.93      0.63        29
           1       0.57      0.86      0.68        29
           2       0.43      0.94      0.59        31
           3       0.54      0.93      0.68        30
           4       0.45      0.87      0.59        30
           5       0.51      0.83      0.63        29
           6       0.61      0.97      0.75        29
           7       0.55      0.97      0.70        29
           8       0.56      0.89      0.68        28
           9       0.59      0.94      0.72        31
          10       0.52      1.00      0.68        29
          11       0.58      0.90      0.70        29
          12       0.44      0.93      0.60        29
          13       0.51      0.97      0.67        29
          14       0.40      0.93      0.56        30
          15       0.48      0.83      0.61        30
          16       0.28      1.00      0.43        11
          17       0.29      1.00      0.45        11
          18       0.33      0.86      0.48         7
          19       0.50      0.71      0.59         7
          20       0.12      0.71      0.20         7
          21       0.54      0.97      0.69        30
          22       0.54      0.90      0.67        31
          23       0.67      0.87      0.76        62
          24       0.39      0.97      0.55        30
          25       0.48      1.00      0.64        29
          26       0.57      0.93      0.71        30
          27       0.40      0.83      0.54        30
          28       0.48      0.90      0.63        30
          29       0.51      0.97      0.67        31
          30       0.46      0.83      0.60        30
          31       0.94      0.09      0.17       847

    accuracy                           0.50      1694
   macro avg       0.49      0.88      0.60      1694
weighted avg       0.72      0.50      0.41      1694

	matchcboxnet--val_loss=3.269-epoch=97.model
	snr: 20 - seed: 3
              precision    recall  f1-score   support

           0       0.55      0.97      0.70        29
           1       0.51      0.93      0.66        29
           2       0.39      0.87      0.54        31
           3       0.53      0.97      0.68        30
           4       0.50      0.97      0.66        30
           5       0.53      0.86      0.66        29
           6       0.48      0.90      0.63        29
           7       0.55      0.93      0.69        29
           8       0.59      0.96      0.73        28
           9       0.52      0.87      0.65        31
          10       0.41      0.97      0.58        29
          11       0.52      0.90      0.66        29
          12       0.47      0.97      0.63        29
          13       0.54      0.93      0.68        29
          14       0.40      1.00      0.57        30
          15       0.56      0.93      0.70        30
          16       0.31      1.00      0.47        11
          17       0.39      1.00      0.56        11
          18       0.33      0.86      0.48         7
          19       0.38      0.86      0.52         7
          20       0.16      0.86      0.27         7
          21       0.58      0.97      0.72        30
          22       0.61      1.00      0.76        31
          23       0.62      0.76      0.68        62
          24       0.42      0.90      0.57        30
          25       0.53      0.97      0.68        29
          26       0.67      0.93      0.78        30
          27       0.45      0.97      0.62        30
          28       0.51      1.00      0.67        30
          29       0.49      0.97      0.65        31
          30       0.51      0.97      0.67        30
          31       0.87      0.10      0.18       847

    accuracy                           0.51      1694
   macro avg       0.50      0.91      0.62      1694
weighted avg       0.69      0.51      0.41      1694

	matchcboxnet--val_loss=3.269-epoch=97.model
	snr: 20 - seed: 4
              precision    recall  f1-score   support

           0       0.50      0.97      0.66        29
           1       0.60      0.97      0.74        29
           2       0.37      0.87      0.52        31
           3       0.47      0.93      0.63        30
           4       0.53      0.97      0.68        30
           5       0.56      0.86      0.68        29
           6       0.44      0.83      0.57        29
           7       0.52      0.86      0.65        29
           8       0.55      0.86      0.67        28
           9       0.60      0.90      0.72        31
          10       0.43      1.00      0.60        29
          11       0.54      0.93      0.68        29
          12       0.54      0.97      0.69        29
          13       0.56      0.97      0.71        29
          14       0.42      1.00      0.59        30
          15       0.66      0.97      0.78        30
          16       0.22      1.00      0.37        11
          17       0.27      0.91      0.42        11
          18       0.43      0.86      0.57         7
          19       0.43      0.86      0.57         7
          20       0.17      0.86      0.29         7
          21       0.54      0.90      0.68        30
          22       0.64      0.97      0.77        31
          23       0.61      0.82      0.70        62
          24       0.39      0.93      0.55        30
          25       0.55      0.97      0.70        29
          26       0.55      0.87      0.68        30
          27       0.48      0.97      0.64        30
          28       0.53      0.93      0.67        30
          29       0.49      0.94      0.64        31
          30       0.49      0.97      0.65        30
          31       0.92      0.11      0.19       847

    accuracy                           0.51      1694
   macro avg       0.50      0.90      0.61      1694
weighted avg       0.72      0.51      0.42      1694

	matchcboxnet--val_loss=3.269-epoch=97.model
	snr: 20 - seed: 5
              precision    recall  f1-score   support

           0       0.57      0.97      0.72        29
           1       0.57      0.97      0.72        29
           2       0.38      0.90      0.53        31
           3       0.54      0.97      0.69        30
           4       0.56      0.97      0.71        30
           5       0.54      0.93      0.68        29
           6       0.52      0.86      0.65        29
           7       0.56      0.97      0.71        29
           8       0.52      0.93      0.67        28
           9       0.62      0.94      0.74        31
          10       0.50      0.97      0.66        29
          11       0.55      0.97      0.70        29
          12       0.47      0.93      0.62        29
          13       0.57      0.97      0.72        29
          14       0.39      0.93      0.55        30
          15       0.54      0.93      0.68        30
          16       0.25      0.91      0.39        11
          17       0.30      0.91      0.45        11
          18       0.43      0.86      0.57         7
          19       0.46      0.86      0.60         7
          20       0.14      0.86      0.24         7
          21       0.56      0.93      0.70        30
          22       0.55      0.90      0.68        31
          23       0.65      0.82      0.73        62
          24       0.44      0.93      0.60        30
          25       0.49      1.00      0.66        29
          26       0.62      0.97      0.75        30
          27       0.43      1.00      0.60        30
          28       0.52      0.97      0.67        30
          29       0.49      0.94      0.64        31
          30       0.44      0.97      0.60        30
          31       0.89      0.10      0.17       847

    accuracy                           0.52      1694
   macro avg       0.50      0.91      0.62      1694
weighted avg       0.70      0.52      0.42      1694

	matchcboxnet--val_loss=3.269-epoch=97.model
	snr: 20 - seed: 6
              precision    recall  f1-score   support

           0       0.50      0.93      0.65        29
           1       0.54      0.90      0.68        29
           2       0.39      0.97      0.56        31
           3       0.53      1.00      0.69        30
           4       0.54      0.90      0.68        30
           5       0.52      0.90      0.66        29
           6       0.51      0.93      0.66        29
           7       0.54      0.93      0.68        29
           8       0.61      0.89      0.72        28
           9       0.57      0.97      0.71        31
          10       0.47      0.97      0.64        29
          11       0.55      1.00      0.71        29
          12       0.47      0.93      0.62        29
          13       0.55      0.90      0.68        29
          14       0.38      0.93      0.54        30
          15       0.57      0.97      0.72        30
          16       0.28      1.00      0.44        11
          17       0.33      1.00      0.50        11
          18       0.43      0.86      0.57         7
          19       0.67      0.86      0.75         7
          20       0.16      0.86      0.27         7
          21       0.62      1.00      0.77        30
          22       0.62      0.97      0.76        31
          23       0.63      0.84      0.72        62
          24       0.42      1.00      0.59        30
          25       0.47      0.93      0.62        29
          26       0.67      0.97      0.79        30
          27       0.38      0.90      0.53        30
          28       0.53      1.00      0.69        30
          29       0.49      0.94      0.64        31
          30       0.45      0.93      0.61        30
          31       0.94      0.09      0.17       847

    accuracy                           0.52      1694
   macro avg       0.51      0.91      0.63      1694
weighted avg       0.73      0.52      0.42      1694

	matchcboxnet--val_loss=3.269-epoch=97.model
	snr: 20 - seed: 7
              precision    recall  f1-score   support

           0       0.49      0.93      0.64        29
           1       0.51      0.90      0.65        29
           2       0.41      0.90      0.56        31
           3       0.59      0.97      0.73        30
           4       0.50      0.93      0.65        30
           5       0.55      0.90      0.68        29
           6       0.52      0.93      0.67        29
           7       0.58      0.90      0.70        29
           8       0.57      0.89      0.69        28
           9       0.61      0.90      0.73        31
          10       0.45      0.97      0.62        29
          11       0.49      0.90      0.63        29
          12       0.50      0.97      0.66        29
          13       0.51      0.97      0.67        29
          14       0.38      0.93      0.54        30
          15       0.51      0.97      0.67        30
          16       0.24      0.91      0.38        11
          17       0.28      1.00      0.44        11
          18       0.35      0.86      0.50         7
          19       0.40      0.86      0.55         7
          20       0.12      0.71      0.21         7
          21       0.60      0.93      0.73        30
          22       0.60      1.00      0.75        31
          23       0.65      0.82      0.72        62
          24       0.43      0.97      0.59        30
          25       0.52      1.00      0.68        29
          26       0.65      0.87      0.74        30
          27       0.41      0.97      0.58        30
          28       0.57      0.97      0.72        30
          29       0.57      0.97      0.71        31
          30       0.46      0.97      0.62        30
          31       0.95      0.10      0.19       847

    accuracy                           0.52      1694
   macro avg       0.50      0.90      0.61      1694
weighted avg       0.73      0.52      0.42      1694

	matchcboxnet--val_loss=3.269-epoch=97.model
	snr: 20 - seed: 8
              precision    recall  f1-score   support

           0       0.46      0.90      0.61        29
           1       0.57      0.93      0.71        29
           2       0.39      0.97      0.56        31
           3       0.58      0.97      0.72        30
           4       0.57      0.90      0.70        30
           5       0.54      0.93      0.68        29
           6       0.49      0.83      0.62        29
           7       0.44      0.90      0.59        29
           8       0.58      0.89      0.70        28
           9       0.76      0.90      0.82        31
          10       0.51      1.00      0.67        29
          11       0.54      0.97      0.69        29
          12       0.46      0.97      0.62        29
          13       0.49      0.90      0.63        29
          14       0.42      0.97      0.59        30
          15       0.48      0.90      0.63        30
          16       0.28      1.00      0.44        11
          17       0.33      1.00      0.50        11
          18       0.40      0.86      0.55         7
          19       0.45      0.71      0.56         7
          20       0.11      0.71      0.19         7
          21       0.54      0.93      0.68        30
          22       0.60      1.00      0.75        31
          23       0.62      0.85      0.72        62
          24       0.42      0.93      0.58        30
          25       0.55      0.90      0.68        29
          26       0.57      0.97      0.72        30
          27       0.38      0.90      0.53        30
          28       0.55      0.93      0.69        30
          29       0.57      1.00      0.73        31
          30       0.54      0.97      0.69        30
          31       0.93      0.11      0.20       847

    accuracy                           0.52      1694
   macro avg       0.50      0.89      0.62      1694
weighted avg       0.72      0.52      0.43      1694

	matchcboxnet--val_loss=3.269-epoch=97.model
	snr: 20 - seed: 9
              precision    recall  f1-score   support

           0       0.48      0.97      0.64        29
           1       0.58      0.90      0.70        29
           2       0.41      0.94      0.57        31
           3       0.51      0.93      0.66        30
           4       0.46      0.87      0.60        30
           5       0.48      0.90      0.63        29
           6       0.48      0.90      0.63        29
           7       0.61      0.97      0.75        29
           8       0.46      0.93      0.62        28
           9       0.53      0.87      0.66        31
          10       0.47      0.93      0.62        29
          11       0.55      0.93      0.69        29
          12       0.44      0.93      0.59        29
          13       0.53      0.93      0.67        29
          14       0.50      1.00      0.67        30
          15       0.55      0.90      0.68        30
          16       0.33      1.00      0.50        11
          17       0.37      1.00      0.54        11
          18       0.43      0.86      0.57         7
          19       0.43      0.86      0.57         7
          20       0.13      0.86      0.23         7
          21       0.54      0.93      0.68        30
          22       0.61      1.00      0.76        31
          23       0.61      0.84      0.71        62
          24       0.41      0.93      0.57        30
          25       0.54      1.00      0.70        29
          26       0.66      0.97      0.78        30
          27       0.40      0.90      0.55        30
          28       0.56      0.97      0.71        30
          29       0.48      1.00      0.65        31
          30       0.47      0.93      0.62        30
          31       0.95      0.09      0.17       847

    accuracy                           0.51      1694
   macro avg       0.50      0.90      0.62      1694
weighted avg       0.73      0.51      0.41      1694

