	matchcboxnet--val_loss=0.4191-epoch=249.model
	snr: 5 - seed: 0
              precision    recall  f1-score   support

           0       0.88      0.96      0.92        23
           1       0.86      0.83      0.84        23
           2       0.72      0.96      0.82        24
           3       0.88      0.91      0.89        23
           4       0.92      1.00      0.96        24
           5       0.75      1.00      0.86        24
           6       1.00      0.91      0.95        22
           7       0.89      1.00      0.94        24
           8       0.95      0.91      0.93        23
           9       0.84      0.91      0.87        23
          10       0.71      1.00      0.83        25
          11       0.96      0.96      0.96        25
          12       1.00      0.96      0.98        25
          13       0.83      0.96      0.89        25
          14       0.75      0.91      0.82        23
          15       0.79      0.96      0.87        24
          16       0.67      1.00      0.80        26
          17       0.79      0.96      0.86        23
          18       0.85      0.85      0.85        26
          19       0.69      0.91      0.78        22
          20       0.88      0.95      0.91        22
          21       0.92      1.00      0.96        24
          22       0.89      0.80      0.84        20
          23       0.86      0.95      0.90        20
          24       0.79      0.96      0.87        24
          25       0.57      1.00      0.73        23
          26       0.56      1.00      0.72         9
          27       0.70      0.78      0.74         9
          28       1.00      0.83      0.91       628

    accuracy                           0.89      1256
   macro avg       0.82      0.94      0.87      1256
weighted avg       0.91      0.89      0.89      1256

