	matchcboxnet--val_loss=0.4191-epoch=249.model
	snr: 10 - seed: 0
              precision    recall  f1-score   support

           0       0.88      1.00      0.94        23
           1       0.92      0.96      0.94        23
           2       0.72      0.96      0.82        24
           3       0.91      0.91      0.91        23
           4       0.96      1.00      0.98        24
           5       0.83      1.00      0.91        24
           6       0.90      0.86      0.88        22
           7       1.00      1.00      1.00        24
           8       0.92      0.96      0.94        23
           9       0.92      0.96      0.94        23
          10       0.69      1.00      0.82        25
          11       0.92      0.96      0.94        25
          12       0.89      0.96      0.92        25
          13       0.93      1.00      0.96        25
          14       0.78      0.91      0.84        23
          15       0.82      0.96      0.88        24
          16       0.76      1.00      0.87        26
          17       0.82      1.00      0.90        23
          18       0.92      0.92      0.92        26
          19       0.84      0.95      0.89        22
          20       0.88      0.95      0.91        22
          21       0.92      0.96      0.94        24
          22       0.94      0.85      0.89        20
          23       0.77      1.00      0.87        20
          24       0.76      0.92      0.83        24
          25       0.66      1.00      0.79        23
          26       0.64      1.00      0.78         9
          27       0.82      1.00      0.90         9
          28       1.00      0.86      0.92       628

    accuracy                           0.91      1256
   macro avg       0.85      0.96      0.90      1256
weighted avg       0.93      0.91      0.91      1256

