	matchcboxnet--val_loss=0.4191-epoch=249.model
	snr: 25 - seed: 0
              precision    recall  f1-score   support

           0       0.96      1.00      0.98        23
           1       0.96      1.00      0.98        23
           2       0.72      0.96      0.82        24
           3       0.88      0.91      0.89        23
           4       0.96      1.00      0.98        24
           5       0.77      1.00      0.87        24
           6       0.91      0.95      0.93        22
           7       0.92      0.96      0.94        24
           8       0.95      0.91      0.93        23
           9       0.88      0.96      0.92        23
          10       0.83      1.00      0.91        25
          11       0.96      0.96      0.96        25
          12       0.89      0.96      0.92        25
          13       0.81      1.00      0.89        25
          14       0.75      0.91      0.82        23
          15       0.85      0.96      0.90        24
          16       0.72      1.00      0.84        26
          17       0.85      0.96      0.90        23
          18       0.86      0.92      0.89        26
          19       0.83      0.86      0.84        22
          20       0.85      1.00      0.92        22
          21       0.96      1.00      0.98        24
          22       1.00      0.95      0.97        20
          23       0.95      1.00      0.98        20
          24       0.86      1.00      0.92        24
          25       0.79      1.00      0.88        23
          26       0.75      1.00      0.86         9
          27       0.90      1.00      0.95         9
          28       1.00      0.87      0.93       628

    accuracy                           0.92      1256
   macro avg       0.87      0.97      0.91      1256
weighted avg       0.93      0.92      0.92      1256

