	matchcboxnet--val_loss=0.4191-epoch=249.model
	snr: 0 - seed: 0
              precision    recall  f1-score   support

           0       0.88      0.91      0.89        23
           1       0.87      0.87      0.87        23
           2       0.65      0.92      0.76        24
           3       0.79      0.83      0.81        23
           4       0.88      0.88      0.88        24
           5       0.61      0.92      0.73        24
           6       0.91      0.91      0.91        22
           7       0.85      0.96      0.90        24
           8       0.77      0.74      0.76        23
           9       0.78      0.78      0.78        23
          10       0.60      0.96      0.74        25
          11       0.81      0.84      0.82        25
          12       0.96      0.92      0.94        25
          13       0.77      0.96      0.86        25
          14       0.68      0.91      0.78        23
          15       0.87      0.83      0.85        24
          16       0.68      0.96      0.79        26
          17       0.81      0.96      0.88        23
          18       0.92      0.88      0.90        26
          19       0.69      0.91      0.78        22
          20       0.82      0.82      0.82        22
          21       0.87      0.83      0.85        24
          22       0.82      0.90      0.86        20
          23       0.76      0.95      0.84        20
          24       0.79      0.96      0.87        24
          25       0.55      1.00      0.71        23
          26       0.69      1.00      0.82         9
          27       0.42      0.89      0.57         9
          28       1.00      0.81      0.90       628

    accuracy                           0.85      1256
   macro avg       0.78      0.90      0.82      1256
weighted avg       0.89      0.85      0.86      1256

