	matchcboxnet--val_loss=0.4191-epoch=249.model
	snr: 20 - seed: 0
              precision    recall  f1-score   support

           0       0.85      1.00      0.92        23
           1       0.88      0.96      0.92        23
           2       0.77      0.96      0.85        24
           3       0.95      0.91      0.93        23
           4       0.96      1.00      0.98        24
           5       0.83      1.00      0.91        24
           6       0.91      0.95      0.93        22
           7       1.00      0.96      0.98        24
           8       0.96      0.96      0.96        23
           9       0.88      0.96      0.92        23
          10       0.74      1.00      0.85        25
          11       0.96      0.96      0.96        25
          12       0.92      0.96      0.94        25
          13       0.78      1.00      0.88        25
          14       0.78      0.91      0.84        23
          15       0.79      0.96      0.87        24
          16       0.76      1.00      0.87        26
          17       0.78      0.91      0.84        23
          18       0.89      0.92      0.91        26
          19       0.87      0.91      0.89        22
          20       0.92      1.00      0.96        22
          21       0.96      1.00      0.98        24
          22       0.90      0.90      0.90        20
          23       0.87      1.00      0.93        20
          24       0.83      1.00      0.91        24
          25       0.72      1.00      0.84        23
          26       0.75      1.00      0.86         9
          27       0.80      0.89      0.84         9
          28       1.00      0.87      0.93       628

    accuracy                           0.92      1256
   macro avg       0.86      0.96      0.91      1256
weighted avg       0.93      0.92      0.92      1256

