	matchcboxnet--val_loss=0.4191-epoch=249.model
	snr: 15 - seed: 0
              precision    recall  f1-score   support

           0       0.88      1.00      0.94        23
           1       0.92      1.00      0.96        23
           2       0.74      0.96      0.84        24
           3       0.91      0.91      0.91        23
           4       0.96      1.00      0.98        24
           5       0.75      1.00      0.86        24
           6       0.95      0.95      0.95        22
           7       0.88      0.96      0.92        24
           8       0.95      0.91      0.93        23
           9       0.91      0.91      0.91        23
          10       0.73      0.96      0.83        25
          11       0.92      0.96      0.94        25
          12       0.89      0.96      0.92        25
          13       0.86      1.00      0.93        25
          14       0.78      0.91      0.84        23
          15       0.82      0.96      0.88        24
          16       0.76      1.00      0.87        26
          17       0.77      1.00      0.87        23
          18       0.86      0.92      0.89        26
          19       0.80      0.91      0.85        22
          20       0.81      0.95      0.88        22
          21       0.92      0.96      0.94        24
          22       1.00      0.85      0.92        20
          23       0.83      1.00      0.91        20
          24       0.83      1.00      0.91        24
          25       0.57      1.00      0.73        23
          26       0.60      1.00      0.75         9
          27       0.80      0.89      0.84         9
          28       1.00      0.84      0.91       628

    accuracy                           0.90      1256
   macro avg       0.84      0.95      0.89      1256
weighted avg       0.92      0.90      0.90      1256

